01/04/2007	0.117	0.222	0.117	0.168	1080694	1949556.375
01/05/2007	0.171	0.177	0.082	0.156	493218	875287.250
01/08/2007	0.156	0.231	0.156	0.189	742539	1341373.625
01/09/2007	0.203	0.282	0.203	0.281	772745	1444435.625
01/10/2007	0.284	0.380	0.284	0.332	1723741	3369233.000
01/11/2007	0.331	0.382	0.323	0.350	2276332	4513752.500
01/12/2007	0.332	0.342	0.262	0.273	1678438	3235830.750
01/15/2007	0.260	0.332	0.241	0.311	1297974	2471142.000
01/16/2007	0.330	0.372	0.321	0.354	1516539	2965963.500
01/17/2007	0.370	0.375	0.343	0.354	1844821	3654286.500
01/18/2007	0.351	0.351	0.248	0.348	750660	1454498.500
01/19/2007	0.348	0.371	0.347	0.371	1816649	3588636.250
01/22/2007	0.375	0.519	0.375	0.488	1872337	3874018.750
01/23/2007	0.510	0.510	0.442	0.507	1505927	3175915.000
01/24/2007	0.507	0.522	0.462	0.515	1114376	2362695.250
01/25/2007	0.507	0.507	0.443	0.450	1056428	2211779.250
01/26/2007	0.432	0.475	0.362	0.462	1320765	2650154.500
01/29/2007	0.462	0.521	0.462	0.516	1472077	3118452.750
01/30/2007	0.729	0.729	0.623	0.729	4712526	10966390.000
01/31/2007	0.892	0.963	0.582	0.681	10873477	26127074.000
02/01/2007	0.670	0.670	0.452	0.643	4139128	9210451.000
02/02/2007	0.640	0.661	0.482	0.492	4807161	10237669.000
02/05/2007	0.373	0.452	0.373	0.373	4451489	4825902.000
02/06/2007	0.330	0.428	0.290	0.403	8034111	8268701.000
02/07/2007	0.412	0.513	0.411	0.513	9705894	11404202.000
02/08/2007	0.392	0.502	0.392	0.480	10857145	12417178.000
02/09/2007	0.365	0.402	0.365	0.380	26071477	28271636.000
02/12/2007	0.372	0.392	0.367	0.384	24203654	26045598.000
02/13/2007	0.391	0.400	0.387	0.400	16462449	17940994.000
02/14/2007	0.411	0.494	0.402	0.457	26949432	31009038.000
02/15/2007	0.464	0.573	0.464	0.571	40045731	49056496.000
02/16/2007	0.542	0.567	0.518	0.520	64661082	79847392.000
02/26/2007	0.494	0.494	0.458	0.487	57394552	67620192.000
02/27/2007	0.487	0.487	0.371	0.387	46148245	52398680.000
02/28/2007	0.381	0.448	0.372	0.427	38700138	43190496.000
03/01/2007	0.433	0.438	0.407	0.412	28021258	31184524.000
03/02/2007	0.417	0.420	0.393	0.412	27197703	30153376.000
03/05/2007	0.409	0.409	0.371	0.391	39035943	39849080.000
03/06/2007	0.381	0.395	0.371	0.388	32421944	32796608.000
03/07/2007	0.392	0.411	0.389	0.405	28289489	29172322.000
03/08/2007	0.413	0.419	0.401	0.418	22655118	23561236.000
03/09/2007	0.421	0.425	0.408	0.416	22779667	23812146.000
03/12/2007	0.415	0.416	0.401	0.410	21524820	22253970.000
03/13/2007	0.410	0.411	0.401	0.408	17384315	17984152.000
03/14/2007	0.407	0.407	0.384	0.399	15736196	16147799.000
03/15/2007	0.401	0.410	0.398	0.410	15688092	16237896.000
03/16/2007	0.410	0.414	0.397	0.404	15540798	16066935.000
03/19/2007	0.386	0.416	0.372	0.415	25537378	26460128.000
03/20/2007	0.417	0.420	0.409	0.419	16874127	17614588.000
03/21/2007	0.420	0.435	0.419	0.435	21038897	22199654.000
03/22/2007	0.439	0.461	0.436	0.450	27075467	29297134.000
03/23/2007	0.450	0.455	0.435	0.449	16716632	17973040.000
03/26/2007	0.449	0.461	0.443	0.461	16867247	18275724.000
03/27/2007	0.461	0.470	0.456	0.469	15738341	17185650.000
03/28/2007	0.469	0.481	0.446	0.477	23730044	26049230.000
03/29/2007	0.479	0.500	0.477	0.491	27956533	31265520.000
03/30/2007	0.483	0.489	0.471	0.485	13619676	15148234.000
04/02/2007	0.485	0.502	0.483	0.502	16415560	18438962.000
04/03/2007	0.521	0.559	0.511	0.541	28081374	32678094.000
04/04/2007	0.541	0.564	0.539	0.554	27633861	32681820.000
04/05/2007	0.549	0.555	0.535	0.552	23615408	27702450.000
04/06/2007	0.551	0.555	0.541	0.553	20604840	24307982.000
04/09/2007	0.556	0.575	0.556	0.574	23676506	28317802.000
04/10/2007	0.575	0.607	0.573	0.607	26583815	32406768.000
04/11/2007	0.607	0.639	0.607	0.633	38929111	49013336.000
04/12/2007	0.641	0.684	0.639	0.674	64102159	83122248.000
04/13/2007	0.674	0.681	0.659	0.661	50885681	66072176.000
04/16/2007	0.649	0.659	0.641	0.659	45988814	58884160.000
04/17/2007	0.661	0.668	0.631	0.663	40977510	52632668.000
04/18/2007	0.670	0.671	0.643	0.659	27039101	34719172.000
04/19/2007	0.655	0.655	0.584	0.607	43562580	54538672.000
04/20/2007	0.607	0.657	0.607	0.656	25096909	31892404.000
04/23/2007	0.661	0.710	0.659	0.707	44418298	58311748.000
04/24/2007	0.713	0.729	0.707	0.716	33476708	45095532.000
04/25/2007	0.704	0.716	0.666	0.711	29334086	38909792.000
04/26/2007	0.711	0.725	0.708	0.721	28965338	38937436.000
04/27/2007	0.717	0.728	0.711	0.721	23418009	31572106.000
04/30/2007	0.721	0.752	0.712	0.751	32050880	43637316.000
05/08/2007	0.781	0.871	0.781	0.818	42290633	61152420.000
05/09/2007	0.821	0.827	0.771	0.821	31042630	44775656.000
05/10/2007	0.821	0.830	0.807	0.823	20701270	29999680.000
05/11/2007	0.819	0.823	0.793	0.817	40205500	57990372.000
05/14/2007	0.804	0.829	0.791	0.829	22249227	32237550.000
05/15/2007	0.821	0.829	0.799	0.801	37421970	53886648.000
05/16/2007	0.782	0.811	0.777	0.810	20636305	29357062.000
05/17/2007	0.817	0.835	0.806	0.835	29809019	43425448.000
05/18/2007	0.831	0.839	0.824	0.836	23938591	35002444.000
05/21/2007	0.797	0.849	0.795	0.847	34467775	50409596.000
05/22/2007	0.850	0.887	0.848	0.881	24474522	36869508.000
05/23/2007	0.879	0.902	0.876	0.902	18488386	28097494.000
05/24/2007	0.902	0.919	0.883	0.903	32340284	49371380.000
05/25/2007	0.898	0.934	0.883	0.931	25554660	39435004.000
05/28/2007	0.941	0.976	0.941	0.963	29656173	47277856.000
05/29/2007	0.979	1.016	0.971	1.013	34683702	56451436.000
05/30/2007	0.871	1.010	0.871	0.909	76317635	119876680.000
05/31/2007	0.876	0.962	0.789	0.917	58597110	88300120.000
06/01/2007	0.920	0.930	0.871	0.880	39875366	61105596.000
06/04/2007	0.879	0.879	0.731	0.734	46940340	66302272.000
06/05/2007	0.729	0.776	0.610	0.776	48717257	64869132.000
06/06/2007	0.781	0.800	0.739	0.792	35177141	49763016.000
06/07/2007	0.792	0.844	0.791	0.843	39680348	57648180.000
06/08/2007	0.846	0.866	0.831	0.862	32805353	48634308.000
06/11/2007	0.864	0.887	0.864	0.886	29167275	43913284.000
06/12/2007	0.887	0.918	0.861	0.918	33235914	50576464.000
06/13/2007	0.929	0.971	0.922	0.963	28803769	45749548.000
06/14/2007	0.967	0.967	0.921	0.944	26951558	42559748.000
06/15/2007	0.931	0.957	0.921	0.948	30436361	47844856.000
06/18/2007	0.966	0.992	0.966	0.991	41213332	66360420.000
06/19/2007	0.991	1.004	0.982	1.002	31994307	51938072.000
06/20/2007	1.000	1.012	0.961	0.977	30494860	49590060.000
06/21/2007	0.963	0.989	0.957	0.986	26747858	42914632.000
06/22/2007	0.986	0.988	0.927	0.950	31760747	50387456.000
06/25/2007	0.949	0.959	0.872	0.886	25792137	39697140.000
06/26/2007	0.863	0.887	0.846	0.887	22441628	33512026.000
06/27/2007	0.888	0.931	0.886	0.931	24042309	36904992.000
06/28/2007	0.936	0.937	0.872	0.882	22878244	35205360.000
06/29/2007	0.853	0.871	0.824	0.846	20353444	30066708.000
07/02/2007	0.839	0.846	0.801	0.826	17583320	25509180.000
07/03/2007	0.819	0.856	0.819	0.852	14278080	20951842.000
07/04/2007	0.852	0.854	0.820	0.823	7858634	11523680.000
07/05/2007	0.819	0.819	0.741	0.755	14507270	20487594.000
07/06/2007	0.743	0.819	0.741	0.808	15450847	21725016.000
07/09/2007	0.816	0.854	0.808	0.849	16548889	24267792.000
07/10/2007	0.850	0.857	0.821	0.833	13014436	19129640.000
07/11/2007	0.825	0.837	0.801	0.837	8415359	12266521.000
07/12/2007	0.834	0.851	0.831	0.842	6949389	10218883.000
07/13/2007	0.845	0.848	0.830	0.847	5869130	8620551.000
07/16/2007	0.847	0.847	0.826	0.833	2244080	3289420.250
07/17/2007	0.811	0.842	0.785	0.836	6703049	9748509.000
07/18/2007	0.834	0.857	0.825	0.848	10441902	15406925.000
07/19/2007	0.847	0.849	0.838	0.846	4776008	7036779.500
07/20/2007	0.846	0.902	0.846	0.899	18143084	27381166.000
07/23/2007	0.901	0.969	0.901	0.969	26252291	41420360.000
07/24/2007	0.978	0.997	0.967	0.969	25329949	40778708.000
07/25/2007	0.969	1.001	0.969	1.001	21325458	34520848.000
07/26/2007	1.005	1.029	0.999	1.028	22119635	36377876.000
07/27/2007	1.021	1.034	1.002	1.034	25736831	42470152.000
07/30/2007	1.028	1.076	1.027	1.070	17929356	30340638.000
07/31/2007	1.071	1.096	1.061	1.096	19073167	32601094.000
08/01/2007	1.101	1.114	1.022	1.048	31626160	53960316.000
08/02/2007	1.056	1.096	1.051	1.096	21042148	35890684.000
08/03/2007	1.121	1.171	1.121	1.171	30306858	53999780.000
08/06/2007	1.191	1.291	1.191	1.252	51556678	97050208.000
08/07/2007	1.250	1.261	1.211	1.241	52925734	98886840.000
08/08/2007	1.230	1.240	1.172	1.226	58855823	97300592.000
08/09/2007	1.226	1.254	1.212	1.228	42234538	70221720.000
08/10/2007	1.225	1.231	1.196	1.224	41916797	68715760.000
08/13/2007	1.206	1.230	1.200	1.204	34797826	57199608.000
08/14/2007	1.206	1.221	1.206	1.218	20266900	33327126.000
08/15/2007	1.221	1.228	1.199	1.212	27235304	44777236.000
08/16/2007	1.206	1.211	1.191	1.195	31389043	51039776.000
08/17/2007	1.195	1.224	1.180	1.189	30229285	49040304.000
08/20/2007	1.223	1.301	1.223	1.270	71137690	120518416.000
08/21/2007	1.286	1.299	1.271	1.286	80592698	138294992.000
08/22/2007	1.236	1.296	1.225	1.286	146452068	249570352.000
08/23/2007	1.300	1.335	1.296	1.334	190250682	249311584.000
08/24/2007	1.340	1.384	1.336	1.383	181452647	246143552.000
08/27/2007	1.388	1.391	1.340	1.354	272508312	371426752.000
08/28/2007	1.330	1.334	1.307	1.322	209897759	277354816.000
08/29/2007	1.309	1.312	1.299	1.304	200053431	260913760.000
08/30/2007	1.303	1.320	1.303	1.315	105928585	139217856.000
08/31/2007	1.317	1.330	1.311	1.322	86788410	114533536.000
09/03/2007	1.325	1.339	1.325	1.335	97780550	130311904.000
09/04/2007	1.338	1.340	1.318	1.321	94142670	124942656.000
09/05/2007	1.320	1.329	1.302	1.316	74753736	98256992.000
09/06/2007	1.318	1.334	1.318	1.330	92175488	122440688.000
09/07/2007	1.326	1.329	1.310	1.313	73562813	96829504.000
09/10/2007	1.300	1.323	1.292	1.319	65051232	84780904.000
09/11/2007	1.315	1.319	1.270	1.275	68582373	89322376.000
09/12/2007	1.270	1.295	1.255	1.279	65181835	82794760.000
09/13/2007	1.280	1.304	1.275	1.300	50102834	64497156.000
09/14/2007	1.301	1.313	1.286	1.311	61020987	79432936.000
09/17/2007	1.303	1.332	1.302	1.331	101306548	133925856.000
09/18/2007	1.335	1.337	1.323	1.333	78714618	104625616.000
09/19/2007	1.337	1.339	1.320	1.328	57744526	76716464.000
09/20/2007	1.327	1.337	1.325	1.335	82433984	109909600.000
09/21/2007	1.336	1.338	1.324	1.337	62897105	83674200.000
09/24/2007	1.333	1.338	1.319	1.337	48071725	64003644.000
09/25/2007	1.335	1.339	1.328	1.337	39006775	51990584.000
09/26/2007	1.335	1.339	1.320	1.323	31124546	41445972.000
09/27/2007	1.321	1.335	1.311	1.335	30723946	40669612.000
09/28/2007	1.338	1.369	1.338	1.364	88771660	120429944.000
10/08/2007	1.383	1.388	1.370	1.387	65144494	90060976.000
10/09/2007	1.387	1.402	1.373	1.398	43428869	60354848.000
10/10/2007	1.395	1.428	1.395	1.404	47333478	66895468.000
10/11/2007	1.404	1.418	1.394	1.418	48029428	67608536.000
10/12/2007	1.420	1.420	1.370	1.417	50330555	70625560.000
10/15/2007	1.417	1.430	1.409	1.429	54092652	76798840.000
10/16/2007	1.431	1.450	1.430	1.449	60093821	86777272.000
10/17/2007	1.449	1.463	1.432	1.446	33448946	48495244.000
10/18/2007	1.445	1.445	1.399	1.405	46726788	66168896.000
10/19/2007	1.408	1.427	1.394	1.400	35041328	49349040.000
10/22/2007	1.390	1.395	1.367	1.372	29615201	40871668.000
10/23/2007	1.370	1.382	1.348	1.381	25571996	34990844.000
10/24/2007	1.385	1.393	1.380	1.381	22472773	31161830.000
10/25/2007	1.375	1.375	1.330	1.334	36780709	49530540.000
10/26/2007	1.320	1.335	1.300	1.322	28963829	38208048.000
10/29/2007	1.335	1.348	1.330	1.348	19378056	25954880.000
10/30/2007	1.358	1.379	1.345	1.375	18348473	24973664.000
10/31/2007	1.390	1.398	1.376	1.397	34804175	48412680.000
11/01/2007	1.394	1.412	1.390	1.398	64781759	91023528.000
11/02/2007	1.386	1.389	1.368	1.371	29501152	40573516.000
11/05/2007	1.371	1.382	1.350	1.365	37838795	51577568.000
11/06/2007	1.352	1.364	1.346	1.349	18542524	25064456.000
11/07/2007	1.350	1.353	1.313	1.337	26518320	35420012.000
11/08/2007	1.332	1.332	1.286	1.289	58522896	76705720.000
11/09/2007	1.288	1.294	1.260	1.275	27764763	35591268.000
11/12/2007	1.262	1.275	1.249	1.270	51623366	65166096.000
11/13/2007	1.277	1.310	1.270	1.283	47456757	61136488.000
11/14/2007	1.295	1.308	1.281	1.308	32606844	42232032.000
11/15/2007	1.280	1.286	1.260	1.270	57808125	73912624.000
11/16/2007	1.260	1.263	1.247	1.259	43168172	54186696.000
11/19/2007	1.261	1.267	1.254	1.258	19095218	24082812.000
11/20/2007	1.250	1.287	1.247	1.280	32113186	40621256.000
11/21/2007	1.280	1.285	1.260	1.263	53250728	68163056.000
11/22/2007	1.251	1.263	1.218	1.223	38067419	47321824.000
11/23/2007	1.219	1.223	1.201	1.211	40299631	48800904.000
11/26/2007	1.224	1.235	1.205	1.207	42923870	52440716.000
11/27/2007	1.202	1.209	1.191	1.193	31858887	38264472.000
11/28/2007	1.196	1.203	1.166	1.168	24621592	29087566.000
11/29/2007	1.172	1.206	1.170	1.203	37956744	45127156.000
11/30/2007	1.204	1.206	1.190	1.195	48712804	58289700.000
12/03/2007	1.190	1.205	1.186	1.201	15088272	18063284.000
12/04/2007	1.203	1.224	1.200	1.215	26229472	31845152.000
12/05/2007	1.213	1.242	1.202	1.240	32110648	39435532.000
12/06/2007	1.249	1.255	1.234	1.245	25169802	31342974.000
12/07/2007	1.249	1.267	1.244	1.262	24634609	31014930.000
12/10/2007	1.248	1.288	1.240	1.284	53378089	68068728.000
12/11/2007	1.283	1.297	1.280	1.287	39993643	51477628.000
12/12/2007	1.279	1.288	1.265	1.270	35483241	45260296.000
12/13/2007	1.266	1.273	1.238	1.240	27552143	34636968.000
12/14/2007	1.230	1.260	1.225	1.260	27177926	33642940.000
12/17/2007	1.260	1.265	1.239	1.239	17197247	21498102.000
12/18/2007	1.230	1.239	1.210	1.213	25315153	30961304.000
12/19/2007	1.228	1.247	1.221	1.237	24369919	30052856.000
12/20/2007	1.240	1.262	1.235	1.260	30963771	38785368.000
12/21/2007	1.257	1.274	1.257	1.273	28311997	35923964.000
12/24/2007	1.282	1.307	1.279	1.295	43905476	56785528.000
12/25/2007	1.296	1.304	1.288	1.295	32588332	42223064.000
12/26/2007	1.296	1.309	1.291	1.306	36840486	47932736.000
12/27/2007	1.310	1.339	1.303	1.330	50129043	66326472.000
12/28/2007	1.331	1.342	1.324	1.327	49423922	65888248.000
01/02/2008	1.328	1.340	1.315	1.335	27234167	36277832.000
01/03/2008	1.330	1.336	1.318	1.334	41186506	54583648.000
01/04/2008	1.334	1.352	1.333	1.351	47984352	64515396.000
01/07/2008	1.347	1.369	1.340	1.367	47524069	64569580.000
01/08/2008	1.370	1.388	1.351	1.362	60417377	83102544.000
01/09/2008	1.354	1.381	1.351	1.381	38345740	52433832.000
01/10/2008	1.383	1.403	1.383	1.396	49496403	69002064.000
01/11/2008	1.400	1.405	1.385	1.400	43859946	61171364.000
01/14/2008	1.402	1.409	1.396	1.408	38320183	53789016.000
01/15/2008	1.409	1.413	1.397	1.402	43691419	61351648.000
01/16/2008	1.392	1.394	1.365	1.368	63449798	87310112.000
01/17/2008	1.356	1.373	1.310	1.342	54993423	73901296.000
01/18/2008	1.329	1.355	1.327	1.351	35604399	47713104.000
01/21/2008	1.351	1.358	1.280	1.289	53137484	69992392.000
01/22/2008	1.269	1.269	1.185	1.200	74386247	91308880.000
01/23/2008	1.205	1.243	1.200	1.243	54631396	67166392.000
01/24/2008	1.253	1.260	1.232	1.244	32851547	41029844.000
01/25/2008	1.244	1.262	1.231	1.254	37841013	47263696.000
01/28/2008	1.240	1.244	1.185	1.186	36810898	44329520.000
01/29/2008	1.204	1.209	1.159	1.179	73966648	87259920.000
01/30/2008	1.191	1.204	1.157	1.177	39477203	46764280.000
01/31/2008	1.168	1.175	1.155	1.156	130229629	151273904.000
02/01/2008	1.157	1.163	1.100	1.135	51479927	58508860.000
02/04/2008	1.160	1.237	1.160	1.237	69108112	83159048.000
02/05/2008	1.228	1.237	1.212	1.223	47029761	57641516.000
02/13/2008	1.206	1.220	1.195	1.203	22580649	27206472.000
02/14/2008	1.213	1.225	1.210	1.215	15501097	18849476.000
02/15/2008	1.206	1.208	1.188	1.200	16584568	19839892.000
02/18/2008	1.220	1.230	1.211	1.219	21457927	26186562.000
02/19/2008	1.220	1.249	1.215	1.247	28897044	35613212.000
02/20/2008	1.248	1.260	1.222	1.224	35470918	44003680.000
02/21/2008	1.215	1.220	1.194	1.210	27399512	33066408.000
02/22/2008	1.203	1.203	1.173	1.181	30197431	35777628.000
02/25/2008	1.180	1.193	1.129	1.133	37910944	43598900.000
02/26/2008	1.159	1.179	1.120	1.139	39840150	45600364.000
02/27/2008	1.148	1.173	1.142	1.164	23944955	27871184.000
02/28/2008	1.164	1.169	1.150	1.160	20942150	24307710.000
02/29/2008	1.150	1.170	1.150	1.167	19485390	22666678.000
03/03/2008	1.160	1.193	1.153	1.191	34279576	40506648.000
03/04/2008	1.198	1.202	1.166	1.171	36451036	43189872.000
03/05/2008	1.164	1.172	1.144	1.160	21954232	25389356.000
03/06/2008	1.163	1.184	1.157	1.169	19461278	22809850.000
03/07/2008	1.156	1.168	1.143	1.148	77389584	88980144.000
03/10/2008	1.135	1.144	1.110	1.111	47078958	52935044.000
03/11/2008	1.108	1.111	1.089	1.111	36630962	40375328.000
03/12/2008	1.135	1.139	1.086	1.089	36119235	40082968.000
03/13/2008	1.070	1.082	1.050	1.058	38782840	41305628.000
03/14/2008	1.058	1.067	1.034	1.046	38745683	40500520.000
03/17/2008	1.030	1.044	1.005	1.006	39751073	40707768.000
03/18/2008	1.000	1.022	0.966	0.971	55420361	55064964.000
03/19/2008	0.998	1.019	0.980	0.999	41470983	41408408.000
03/20/2008	0.986	1.038	0.956	1.018	43269268	43111128.000
03/21/2008	1.018	1.031	1.009	1.018	38367760	39077392.000
03/24/2008	1.028	1.029	0.980	0.982	34276672	34508476.000
03/25/2008	0.969	1.005	0.965	0.995	43997348	43440484.000
03/26/2008	0.999	1.015	0.988	0.991	35353494	35321896.000
03/27/2008	0.978	0.991	0.957	0.958	50828230	49521168.000
03/28/2008	0.949	1.006	0.947	1.000	64958240	63533852.000
03/31/2008	0.973	0.987	0.963	0.965	38049521	36995416.000
04/01/2008	0.970	0.970	0.910	0.918	38558703	36190008.000
04/02/2008	0.930	0.943	0.889	0.896	56643778	51772152.000
04/03/2008	0.890	0.921	0.881	0.919	47431192	42729192.000
04/07/2008	0.906	0.971	0.900	0.971	72833615	69137144.000
04/08/2008	0.970	0.994	0.961	0.981	64633895	63454652.000
04/09/2008	0.975	0.994	0.941	0.941	65405296	63658580.000
04/10/2008	0.931	0.963	0.930	0.959	46139528	43946480.000
04/11/2008	0.969	0.979	0.962	0.962	41378010	40165036.000
04/14/2008	0.945	0.946	0.904	0.907	46794577	43364072.000
04/15/2008	0.901	0.916	0.889	0.915	28194433	25518538.000
04/16/2008	0.917	0.918	0.896	0.897	49203161	44781968.000
04/17/2008	0.900	0.915	0.867	0.869	28345818	25035576.000
04/18/2008	0.869	0.871	0.836	0.844	47250794	40102440.000
04/21/2008	0.918	0.918	0.842	0.844	77609540	68118560.000
04/22/2008	0.830	0.850	0.819	0.845	53976523	44863308.000
04/23/2008	0.841	0.880	0.833	0.876	54583130	47234384.000
04/24/2008	0.950	0.964	0.931	0.964	268057109	256251728.000
04/25/2008	0.964	1.005	0.922	0.977	147545647	144807296.000
04/28/2008	0.958	0.973	0.947	0.948	63210062	60611720.000
04/29/2008	0.938	0.973	0.937	0.965	72044404	69300304.000
04/30/2008	0.968	1.016	0.967	1.008	161807690	161600128.000
05/05/2008	1.020	1.028	1.010	1.019	131196562	133705744.000
05/06/2008	1.014	1.027	0.999	1.016	158550171	160976160.000
05/07/2008	1.010	1.023	0.971	0.978	111541662	112017560.000
05/08/2008	0.965	0.995	0.960	0.994	43478543	42609808.000
05/09/2008	1.000	1.005	0.970	0.981	85814056	84986248.000
05/12/2008	0.969	1.005	0.965	0.992	54791784	53945536.000
05/13/2008	0.973	0.999	0.971	0.975	53352959	52474748.000
05/14/2008	0.975	1.010	0.973	1.005	74693004	74682800.000
05/15/2008	1.015	1.021	1.001	1.001	47812041	48441316.000
05/16/2008	1.000	1.011	0.984	0.998	47064966	46907068.000
05/19/2008	0.992	0.997	0.980	0.987	15305932	15118780.000
05/20/2008	0.988	0.997	0.941	0.944	48519135	46990644.000
05/21/2008	0.933	0.964	0.910	0.963	66400306	61868896.000
05/22/2008	0.948	0.956	0.933	0.935	35898852	33926516.000
05/23/2008	0.930	0.943	0.921	0.927	26949487	25128364.000
05/26/2008	0.919	0.923	0.890	0.898	72774140	65585824.000
05/27/2008	0.898	0.906	0.889	0.902	45280550	40651976.000
05/28/2008	0.903	0.933	0.896	0.926	67662508	61795492.000
05/29/2008	0.921	0.926	0.903	0.903	31705022	29022068.000
05/30/2008	0.904	0.914	0.900	0.912	26736286	24288502.000
06/02/2008	0.908	0.922	0.904	0.919	35384179	32418622.000
06/03/2008	0.919	0.924	0.907	0.912	16972696	15504770.000
06/04/2008	0.912	0.912	0.892	0.900	19327956	17362636.000
06/05/2008	0.899	0.901	0.891	0.893	11549235	10338649.000
06/06/2008	0.894	0.900	0.885	0.887	11164584	9945838.000
06/10/2008	0.861	0.866	0.803	0.815	75370941	63479340.000
06/11/2008	0.814	0.819	0.788	0.793	87364772	69530784.000
06/12/2008	0.792	0.795	0.770	0.780	54774671	42795872.000
06/13/2008	0.788	0.788	0.762	0.763	26800565	20751044.000
06/16/2008	0.763	0.770	0.745	0.760	28170716	21327244.000
06/17/2008	0.760	0.764	0.726	0.732	41982062	31144822.000
06/18/2008	0.731	0.765	0.714	0.763	111170598	82912680.000
06/19/2008	0.756	0.756	0.709	0.711	57380432	42029696.000
06/20/2008	0.715	0.749	0.689	0.729	82932771	60063428.000
06/23/2008	0.717	0.725	0.706	0.714	50611242	36221820.000
06/24/2008	0.713	0.735	0.712	0.732	48361192	34835768.000
06/25/2008	0.731	0.761	0.725	0.760	58352589	43513368.000
06/26/2008	0.760	0.769	0.748	0.762	46292420	35118756.000
06/27/2008	0.742	0.744	0.710	0.723	72042969	52229096.000
06/30/2008	0.717	0.727	0.706	0.719	21371137	15315124.000
07/01/2008	0.720	0.723	0.694	0.700	25991888	18341510.000
07/02/2008	0.700	0.713	0.695	0.702	32185408	22649048.000
07/03/2008	0.694	0.730	0.683	0.713	59390578	42211948.000
07/04/2008	0.708	0.717	0.698	0.709	49171716	34717388.000
07/07/2008	0.708	0.750	0.708	0.746	92807448	68360888.000
07/08/2008	0.750	0.759	0.739	0.752	56563646	42395460.000
07/09/2008	0.760	0.776	0.756	0.776	64984436	49945364.000
07/10/2008	0.763	0.782	0.759	0.766	80846190	62101580.000
07/11/2008	0.760	0.765	0.748	0.758	36754857	27756300.000
07/14/2008	0.752	0.768	0.750	0.765	31495772	23965810.000
07/15/2008	0.768	0.770	0.738	0.739	43504264	32627160.000
07/16/2008	0.731	0.736	0.707	0.714	47501720	34158660.000
07/17/2008	0.726	0.731	0.705	0.706	34416423	24724220.000
07/18/2008	0.713	0.737	0.706	0.730	37318528	26867292.000
07/21/2008	0.724	0.760	0.724	0.755	64456645	48117920.000
07/22/2008	0.756	0.763	0.750	0.750	60002858	45300760.000
07/23/2008	0.756	0.760	0.741	0.743	43981247	33029426.000
07/24/2008	0.748	0.767	0.746	0.766	53760559	40769316.000
07/25/2008	0.758	0.763	0.752	0.758	36572248	27707644.000
07/28/2008	0.762	0.772	0.761	0.762	32071205	24564742.000
07/29/2008	0.752	0.758	0.748	0.751	38328158	28828020.000
07/30/2008	0.759	0.760	0.742	0.748	43860153	32933968.000
07/31/2008	0.747	0.751	0.728	0.728	51437938	37760004.000
08/01/2008	0.721	0.742	0.711	0.736	56686940	40935512.000
08/04/2008	0.727	0.731	0.714	0.717	36319775	26164206.000
08/05/2008	0.724	0.724	0.706	0.708	43050292	30634728.000
08/06/2008	0.710	0.716	0.702	0.711	28033047	19878718.000
08/07/2008	0.710	0.715	0.703	0.711	24959549	17686070.000
08/08/2008	0.712	0.713	0.675	0.676	42131310	29206648.000
08/11/2008	0.676	0.676	0.642	0.646	41214956	27063528.000
08/12/2008	0.645	0.650	0.637	0.641	27880845	17976292.000
08/13/2008	0.641	0.642	0.622	0.639	26845895	16956234.000
08/14/2008	0.635	0.641	0.631	0.636	16856694	10723428.000
08/15/2008	0.636	0.644	0.628	0.639	55910179	35440604.000
08/18/2008	0.638	0.639	0.605	0.605	38883223	24085472.000
08/19/2008	0.599	0.614	0.595	0.613	31848700	19377452.000
08/20/2008	0.608	0.658	0.602	0.658	68194362	43728108.000
08/21/2008	0.645	0.653	0.633	0.636	52238928	33620660.000
08/22/2008	0.630	0.632	0.616	0.626	38263368	23910672.000
08/25/2008	0.625	0.638	0.617	0.626	24996181	15729386.000
08/26/2008	0.618	0.622	0.606	0.610	18208496	11155841.000
08/27/2008	0.606	0.618	0.600	0.608	20756978	12612925.000
08/28/2008	0.607	0.616	0.605	0.610	14358764	8778222.000
08/29/2008	0.613	0.633	0.611	0.626	41482800	25741978.000
09/01/2008	0.618	0.621	0.602	0.607	31637467	19311428.000
09/02/2008	0.604	0.609	0.598	0.600	25293960	15226377.000
09/03/2008	0.602	0.603	0.587	0.594	52875087	31387052.000
09/04/2008	0.593	0.598	0.587	0.592	25081082	14846793.000
09/05/2008	0.579	0.583	0.571	0.573	28143562	16236925.000
09/08/2008	0.575	0.577	0.560	0.562	22810280	12948371.000
09/09/2008	0.565	0.566	0.558	0.563	22336636	12553589.000
09/10/2008	0.560	0.575	0.556	0.564	25038565	14142797.000
09/11/2008	0.564	0.565	0.550	0.551	20498900	11399521.000
09/12/2008	0.550	0.556	0.549	0.552	14060590	7769981.500
09/16/2008	0.530	0.541	0.520	0.522	78847080	41847956.000
09/17/2008	0.521	0.525	0.511	0.511	29604394	15305206.000
09/18/2008	0.498	0.510	0.484	0.498	55700879	27591144.000
09/19/2008	0.547	0.548	0.536	0.548	66536757	36348008.000
09/22/2008	0.590	0.603	0.565	0.599	188348107	110727272.000
09/23/2008	0.556	0.556	0.539	0.540	253935194	138463136.000
09/24/2008	0.520	0.545	0.518	0.545	90456386	47983172.000
09/25/2008	0.546	0.573	0.542	0.566	159746830	89669376.000
09/26/2008	0.568	0.573	0.555	0.569	132717436	74973656.000
10/06/2008	0.552	0.559	0.545	0.547	79291230	43648244.000
10/07/2008	0.525	0.547	0.522	0.538	71676931	38334628.000
10/08/2008	0.528	0.529	0.512	0.519	71968162	37567412.000
10/09/2008	0.523	0.529	0.512	0.513	59333343	30811982.000
10/10/2008	0.500	0.500	0.485	0.490	65807161	32367620.000
10/13/2008	0.488	0.510	0.477	0.510	73023166	36014628.000
10/14/2008	0.527	0.532	0.500	0.500	89532278	46494540.000
10/15/2008	0.495	0.495	0.486	0.492	41287330	20238750.000
10/16/2008	0.478	0.478	0.470	0.470	65383762	30895694.000
10/17/2008	0.474	0.475	0.468	0.471	28585855	13479547.000
10/20/2008	0.472	0.492	0.464	0.489	67265578	32134818.000
10/21/2008	0.495	0.495	0.484	0.484	61430180	30051860.000
10/22/2008	0.477	0.482	0.466	0.471	45012909	21387202.000
10/23/2008	0.462	0.471	0.457	0.470	63242977	29176094.000
10/24/2008	0.468	0.471	0.454	0.458	45924080	21137084.000
10/27/2008	0.449	0.449	0.423	0.425	72691258	31702270.000
10/28/2008	0.415	0.439	0.412	0.435	78929250	33717092.000
10/29/2008	0.441	0.442	0.426	0.426	56033335	24329806.000
10/30/2008	0.428	0.442	0.422	0.435	54208553	23504148.000
10/31/2008	0.433	0.435	0.425	0.427	25430371	10949471.000
11/03/2008	0.425	0.432	0.421	0.424	27147819	11545054.000
11/04/2008	0.421	0.423	0.413	0.417	29546190	12317865.000
11/05/2008	0.425	0.438	0.420	0.433	60544231	26133296.000
11/06/2008	0.423	0.425	0.420	0.421	27201599	11479107.000
11/07/2008	0.416	0.433	0.414	0.430	33808740	14399407.000
11/10/2008	0.442	0.467	0.438	0.466	89779711	40634228.000
11/11/2008	0.462	0.474	0.456	0.460	59393038	27626414.000
11/12/2008	0.456	0.466	0.452	0.466	31628235	14557831.000
11/13/2008	0.461	0.490	0.457	0.482	90967281	43292976.000
11/14/2008	0.487	0.502	0.481	0.500	118981317	58473384.000
11/17/2008	0.499	0.508	0.495	0.508	71125460	35708276.000
11/18/2008	0.503	0.511	0.469	0.473	101098443	49562680.000
11/19/2008	0.471	0.509	0.469	0.503	97434548	47684660.000
11/20/2008	0.490	0.510	0.487	0.498	101157679	50663668.000
11/21/2008	0.489	0.510	0.465	0.497	101676236	49764508.000
11/24/2008	0.491	0.497	0.472	0.477	55294102	26769706.000
11/25/2008	0.485	0.488	0.468	0.477	43529299	20821106.000
11/26/2008	0.475	0.484	0.469	0.477	28127129	13439229.000
11/27/2008	0.515	0.516	0.483	0.483	107910246	54179532.000
11/28/2008	0.484	0.484	0.468	0.471	61818273	29305862.000
12/01/2008	0.469	0.479	0.466	0.478	35913672	16989990.000
12/02/2008	0.470	0.485	0.467	0.480	46237500	22093532.000
12/03/2008	0.483	0.505	0.483	0.505	105640409	52497128.000
12/04/2008	0.514	0.537	0.508	0.520	172618268	90838712.000
12/05/2008	0.517	0.534	0.513	0.530	68981439	36009676.000
12/08/2008	0.536	0.549	0.531	0.542	102395812	55402164.000
12/09/2008	0.543	0.545	0.526	0.530	70960164	37998112.000
12/10/2008	0.525	0.544	0.524	0.541	80619618	43074636.000
12/11/2008	0.541	0.542	0.530	0.530	75358863	40463320.000
12/12/2008	0.527	0.527	0.505	0.510	104804613	53856972.000
12/15/2008	0.515	0.518	0.501	0.509	72915166	37130572.000
12/16/2008	0.504	0.513	0.485	0.512	197843843	97816440.000
12/17/2008	0.512	0.517	0.508	0.513	84950034	43604660.000
12/18/2008	0.511	0.524	0.506	0.523	57229092	29520060.000
12/19/2008	0.520	0.532	0.519	0.526	59447776	31283122.000
12/22/2008	0.526	0.527	0.511	0.516	60779827	31462994.000
12/23/2008	0.516	0.517	0.494	0.494	88623935	44433820.000
12/24/2008	0.488	0.492	0.482	0.485	58885788	28652062.000
12/25/2008	0.486	0.489	0.478	0.482	32244356	15575436.000
12/26/2008	0.483	0.486	0.478	0.481	20184140	9735719.000
12/29/2008	0.476	0.482	0.469	0.480	31663424	15042406.000
12/30/2008	0.479	0.485	0.475	0.476	18412834	8831991.000
12/31/2008	0.476	0.483	0.475	0.475	20907197	9991404.000
01/05/2009	0.480	0.490	0.480	0.490	32961745	16004215.000
01/06/2009	0.487	0.501	0.486	0.501	59839626	29613470.000
01/07/2009	0.501	0.505	0.497	0.498	53763172	26898202.000
01/08/2009	0.492	0.492	0.479	0.485	123224271	59465596.000
01/09/2009	0.483	0.495	0.483	0.495	48902514	23938700.000
01/12/2009	0.491	0.500	0.489	0.494	35561919	17583820.000
01/13/2009	0.489	0.492	0.480	0.484	69282503	33637628.000
01/14/2009	0.484	0.506	0.482	0.506	92488706	45761704.000
01/15/2009	0.498	0.508	0.497	0.503	56765680	28471044.000
01/16/2009	0.504	0.526	0.504	0.517	115533904	59939396.000
01/19/2009	0.518	0.536	0.511	0.511	133356831	70306696.000
01/20/2009	0.516	0.522	0.510	0.521	37124674	19159904.000
01/21/2009	0.514	0.532	0.511	0.523	58984509	30828350.000
01/22/2009	0.528	0.537	0.522	0.532	91831626	48792984.000
01/23/2009	0.532	0.535	0.528	0.530	41111172	21832940.000
02/02/2009	0.533	0.538	0.530	0.533	20830261	11110325.000
02/03/2009	0.533	0.545	0.531	0.543	44861561	24193180.000
02/04/2009	0.544	0.555	0.544	0.555	67078025	36912700.000
02/05/2009	0.554	0.565	0.550	0.552	89536987	49935288.000
02/06/2009	0.553	0.574	0.553	0.573	70511932	39927768.000
02/09/2009	0.578	0.589	0.578	0.586	109201194	63758692.000
02/10/2009	0.584	0.595	0.579	0.594	116621445	68350336.000
02/11/2009	0.584	0.603	0.582	0.594	114827976	67919728.000
02/12/2009	0.590	0.595	0.576	0.593	145289486	85043072.000
02/13/2009	0.592	0.622	0.589	0.620	147053081	88735416.000
02/16/2009	0.621	0.640	0.619	0.640	131652722	82678200.000
02/17/2009	0.638	0.646	0.620	0.620	127552844	80628696.000
02/18/2009	0.611	0.614	0.585	0.588	121866330	73361984.000
02/19/2009	0.593	0.599	0.585	0.592	80564446	47661396.000
02/20/2009	0.590	0.601	0.583	0.601	62872162	37303872.000
02/23/2009	0.597	0.620	0.589	0.618	70047095	42529120.000
02/24/2009	0.608	0.614	0.593	0.595	141168481	85276912.000
02/25/2009	0.599	0.601	0.579	0.590	65431404	38630232.000
02/26/2009	0.588	0.597	0.562	0.565	81721760	47535884.000
02/27/2009	0.564	0.567	0.551	0.552	65371288	36447256.000
03/02/2009	0.550	0.563	0.548	0.560	35390981	19682320.000
03/03/2009	0.551	0.563	0.550	0.556	37631257	20929672.000
03/04/2009	0.558	0.596	0.558	0.588	89477652	51916904.000
03/05/2009	0.596	0.604	0.584	0.595	146529260	87341568.000
03/06/2009	0.587	0.594	0.584	0.589	44900002	26407306.000
03/09/2009	0.591	0.594	0.560	0.566	118173830	68385088.000
03/10/2009	0.560	0.573	0.552	0.573	78638555	44076536.000
03/11/2009	0.581	0.584	0.566	0.567	75233523	43429316.000
03/12/2009	0.564	0.569	0.556	0.567	61687500	34601684.000
03/13/2009	0.570	0.576	0.564	0.565	56051737	31890308.000
03/16/2009	0.564	0.574	0.556	0.572	65073597	36606828.000
03/17/2009	0.571	0.597	0.569	0.595	102556425	59929792.000
03/18/2009	0.598	0.606	0.595	0.598	93959335	56491844.000
03/19/2009	0.600	0.612	0.597	0.612	95397228	57764620.000
03/20/2009	0.611	0.615	0.602	0.608	80925021	49316568.000
03/23/2009	0.607	0.622	0.605	0.620	70325376	43346768.000
03/24/2009	0.629	0.633	0.620	0.623	109152692	68208360.000
03/25/2009	0.620	0.626	0.612	0.612	82221899	50940228.000
03/26/2009	0.610	0.630	0.606	0.630	97041091	60009432.000
03/27/2009	0.634	0.639	0.629	0.634	96553336	61209652.000
03/30/2009	0.635	0.635	0.628	0.632	76500119	48404548.000
03/31/2009	0.623	0.638	0.615	0.638	83478805	52389212.000
04/01/2009	0.638	0.651	0.638	0.648	91343547	59008796.000
04/02/2009	0.650	0.660	0.649	0.656	98252454	64387052.000
04/03/2009	0.660	0.666	0.652	0.657	97196756	64113180.000
04/07/2009	0.654	0.661	0.650	0.655	50733413	33249744.000
04/08/2009	0.650	0.653	0.630	0.639	138210718	88360232.000
04/09/2009	0.631	0.640	0.624	0.639	71124097	44942780.000
04/10/2009	0.642	0.660	0.642	0.660	93325834	60798208.000
04/13/2009	0.664	0.678	0.663	0.675	103040001	69103528.000
04/14/2009	0.675	0.678	0.669	0.677	84004581	56606480.000
04/15/2009	0.673	0.680	0.668	0.680	86175668	58187288.000
04/16/2009	0.682	0.685	0.671	0.683	76042804	51766820.000
04/17/2009	0.679	0.681	0.668	0.673	72661257	48936288.000
04/20/2009	0.672	0.688	0.669	0.687	85670515	58385472.000
04/21/2009	0.682	0.686	0.666	0.679	117163938	79269344.000
04/22/2009	0.679	0.687	0.656	0.659	80540856	54048588.000
04/23/2009	0.652	0.663	0.649	0.660	58910299	38595668.000
04/24/2009	0.661	0.663	0.654	0.654	44850938	29500000.000
04/27/2009	0.654	0.655	0.635	0.640	109970396	70492200.000
04/28/2009	0.635	0.640	0.632	0.640	65980424	42025956.000
04/29/2009	0.639	0.664	0.638	0.662	95265475	62432908.000
04/30/2009	0.664	0.673	0.662	0.668	78376356	52294692.000
05/04/2009	0.669	0.688	0.665	0.687	78557503	53608820.000
05/05/2009	0.689	0.693	0.685	0.690	158396358	109187960.000
05/06/2009	0.689	0.700	0.684	0.699	94888611	65680076.000
05/07/2009	0.701	0.705	0.689	0.701	118538164	82777280.000
05/08/2009	0.695	0.708	0.690	0.707	75350049	52693372.000
05/11/2009	0.710	0.714	0.691	0.691	103140929	72688992.000
05/12/2009	0.687	0.705	0.685	0.705	77082678	53512040.000
05/13/2009	0.704	0.713	0.700	0.711	85017405	60071896.000
05/14/2009	0.705	0.710	0.701	0.707	80026275	56379628.000
05/15/2009	0.707	0.711	0.703	0.709	46790431	33088214.000
05/18/2009	0.707	0.713	0.698	0.712	49273874	34688732.000
05/19/2009	0.716	0.722	0.716	0.722	53229224	38285144.000
05/20/2009	0.723	0.723	0.717	0.717	36821546	26508628.000
05/21/2009	0.714	0.717	0.697	0.700	74950502	52734620.000
05/22/2009	0.697	0.705	0.692	0.698	50617116	35304404.000
05/25/2009	0.682	0.705	0.680	0.704	58842744	40836304.000
05/26/2009	0.703	0.707	0.695	0.695	22895993	16043234.000
05/27/2009	0.698	0.710	0.693	0.703	35251098	24771706.000
06/01/2009	0.708	0.727	0.708	0.727	67848039	48811244.000
06/02/2009	0.729	0.731	0.725	0.728	68906016	50175488.000
06/03/2009	0.727	0.746	0.726	0.745	71841214	52856608.000
06/04/2009	0.743	0.749	0.735	0.749	48671946	36130292.000
06/05/2009	0.751	0.753	0.746	0.748	42767942	32069098.000
06/08/2009	0.747	0.755	0.740	0.749	41984611	31391838.000
06/09/2009	0.748	0.753	0.737	0.752	49607166	36971140.000
06/10/2009	0.753	0.760	0.752	0.759	64341577	48662448.000
06/11/2009	0.760	0.762	0.750	0.753	40011449	30246086.000
06/12/2009	0.751	0.756	0.735	0.741	63533735	47325984.000
06/15/2009	0.741	0.754	0.737	0.754	45013645	33527258.000
06/16/2009	0.748	0.757	0.747	0.753	69944888	52522364.000
06/17/2009	0.751	0.768	0.746	0.765	48965441	37020808.000
06/18/2009	0.765	0.778	0.765	0.777	50598108	39156856.000
06/19/2009	0.780	0.795	0.777	0.789	84893594	66872724.000
06/22/2009	0.797	0.815	0.792	0.804	61906218	49810124.000
06/23/2009	0.796	0.810	0.790	0.800	78994774	63218136.000
06/24/2009	0.797	0.806	0.791	0.805	53026565	42300548.000
06/25/2009	0.804	0.816	0.801	0.810	90171288	73241464.000
06/26/2009	0.811	0.816	0.800	0.815	42584244	34413404.000
06/29/2009	0.811	0.821	0.806	0.818	75738979	61717660.000
06/30/2009	0.818	0.820	0.809	0.810	52296485	42551188.000
07/01/2009	0.810	0.826	0.808	0.823	57056747	46850104.000
07/02/2009	0.825	0.840	0.824	0.839	64051062	53300192.000
07/03/2009	0.833	0.857	0.831	0.856	66568419	56127404.000
07/06/2009	0.865	0.902	0.861	0.874	180006394	158285024.000
07/07/2009	0.872	0.883	0.866	0.871	125351663	109353680.000
07/08/2009	0.860	0.862	0.842	0.858	171674351	146600448.000
07/09/2009	0.858	0.863	0.849	0.863	74967803	64181796.000
07/10/2009	0.866	0.871	0.860	0.867	91897374	79589056.000
07/13/2009	0.864	0.864	0.850	0.852	74917289	64192412.000
07/14/2009	0.853	0.876	0.853	0.876	139389607	120971256.000
07/15/2009	0.876	0.886	0.876	0.883	75851620	66860776.000
07/16/2009	0.891	0.903	0.883	0.889	123860398	110836640.000
07/17/2009	0.888	0.898	0.885	0.897	102306353	91323976.000
07/20/2009	0.898	0.917	0.897	0.915	103878836	94482360.000
07/21/2009	0.919	0.923	0.906	0.909	103337312	94519600.000
07/22/2009	0.904	0.918	0.903	0.917	64100406	58563408.000
07/23/2009	0.920	0.926	0.914	0.925	43053375	39618372.000
07/24/2009	0.926	0.939	0.918	0.931	67033351	62348704.000
07/27/2009	0.932	0.949	0.932	0.949	84149154	79310952.000
07/28/2009	0.948	0.953	0.945	0.952	52943107	50268748.000
07/29/2009	0.951	0.954	0.861	0.910	117009493	108179248.000
07/30/2009	0.910	0.935	0.898	0.927	111959838	102584280.000
07/31/2009	0.932	0.957	0.930	0.950	114917475	108628552.000
08/03/2009	0.952	0.976	0.951	0.972	92944970	89494392.000
08/04/2009	0.974	0.980	0.959	0.970	145738947	141760816.000
08/05/2009	0.975	0.975	0.950	0.957	78553381	75565496.000
08/06/2009	0.945	0.953	0.917	0.938	72666625	68070760.000
08/07/2009	0.936	0.944	0.901	0.905	121772013	111645200.000
08/10/2009	0.917	0.921	0.874	0.894	180495383	160945024.000
08/11/2009	0.897	0.900	0.878	0.898	86589088	77248360.000
08/12/2009	0.894	0.894	0.851	0.859	142618573	124058096.000
08/13/2009	0.859	0.872	0.829	0.869	169989661	144528608.000
08/14/2009	0.865	0.869	0.841	0.844	89530077	76287200.000
08/17/2009	0.831	0.838	0.799	0.803	169936747	138474080.000
08/18/2009	0.796	0.811	0.780	0.806	169840766	135274224.000
08/19/2009	0.806	0.810	0.760	0.779	160175232	125969824.000
08/20/2009	0.776	0.803	0.773	0.801	144421001	113937440.000
08/21/2009	0.800	0.818	0.792	0.818	175431312	141374960.000
08/24/2009	0.816	0.826	0.807	0.821	153651702	125609296.000
08/25/2009	0.816	0.816	0.771	0.792	138541425	109343168.000
08/26/2009	0.783	0.812	0.781	0.806	95635897	76514400.000
08/27/2009	0.800	0.813	0.789	0.802	118184550	94485584.000
08/28/2009	0.797	0.803	0.765	0.776	139240996	108283928.000
08/31/2009	0.765	0.766	0.729	0.730	138237978	102479960.000
09/01/2009	0.727	0.751	0.723	0.735	87740267	64954484.000
09/02/2009	0.737	0.747	0.730	0.744	32868887	24343326.000
09/03/2009	0.747	0.781	0.745	0.780	98832816	75882096.000
09/04/2009	0.779	0.795	0.773	0.784	96839891	75980400.000
09/07/2009	0.788	0.811	0.785	0.792	98827496	78714440.000
09/08/2009	0.785	0.810	0.777	0.808	99236252	79200744.000
09/09/2009	0.811	0.821	0.802	0.810	90261103	72968192.000
09/10/2009	0.810	0.812	0.800	0.802	43803533	35293704.000
09/11/2009	0.802	0.832	0.799	0.821	100233939	82167784.000
09/14/2009	0.827	0.836	0.823	0.835	89542248	74284448.000
09/15/2009	0.837	0.841	0.827	0.837	66969259	55914484.000
09/16/2009	0.833	0.835	0.815	0.828	88372546	73033344.000
09/17/2009	0.828	0.849	0.828	0.847	100068252	84159040.000
09/18/2009	0.848	0.850	0.815	0.820	117992387	98303008.000
09/21/2009	0.809	0.820	0.796	0.819	72635974	58601100.000
09/22/2009	0.816	0.824	0.801	0.802	56942068	46357420.000
09/23/2009	0.800	0.805	0.782	0.784	69131738	54762996.000
09/24/2009	0.781	0.797	0.769	0.786	70330821	54734104.000
09/25/2009	0.782	0.785	0.770	0.778	54097219	42088896.000
09/28/2009	0.780	0.785	0.758	0.761	45576919	35150784.000
09/29/2009	0.760	0.766	0.749	0.761	46114288	34972404.000
09/30/2009	0.765	0.778	0.765	0.771	36003030	27792402.000
10/09/2009	0.784	0.815	0.782	0.813	86291408	68870824.000
10/12/2009	0.813	0.816	0.806	0.807	74090416	60134136.000
10/13/2009	0.806	0.820	0.802	0.819	42964482	35013936.000
10/14/2009	0.820	0.836	0.819	0.827	53498401	44315192.000
10/15/2009	0.837	0.841	0.826	0.826	42372848	35290868.000
10/16/2009	0.827	0.833	0.813	0.826	36773713	30226968.000
10/19/2009	0.824	0.855	0.822	0.852	116055366	97553672.000
10/20/2009	0.857	0.868	0.855	0.866	105000700	90600904.000
10/21/2009	0.867	0.875	0.859	0.868	59201326	51421496.000
10/22/2009	0.865	0.870	0.852	0.854	67036599	57624292.000
10/23/2009	0.855	0.872	0.855	0.871	67644021	58719836.000
10/26/2009	0.871	0.874	0.862	0.871	57551039	50043956.000
10/27/2009	0.865	0.868	0.839	0.840	103390317	88161216.000
10/28/2009	0.839	0.846	0.825	0.844	89075935	74631232.000
10/29/2009	0.829	0.835	0.820	0.824	73908103	61096448.000
10/30/2009	0.835	0.846	0.825	0.833	70502223	58977216.000
11/02/2009	0.817	0.860	0.811	0.860	107574397	90554072.000
11/03/2009	0.862	0.874	0.860	0.871	95928019	83390136.000
11/04/2009	0.871	0.881	0.867	0.874	72206813	63134072.000
11/05/2009	0.875	0.878	0.870	0.877	51702234	45232036.000
11/06/2009	0.882	0.889	0.882	0.887	88452288	78449808.000
11/09/2009	0.885	0.889	0.874	0.885	124868717	109951816.000
11/10/2009	0.887	0.894	0.886	0.888	94822675	84300472.000
11/11/2009	0.886	0.887	0.878	0.885	57906310	51087244.000
11/12/2009	0.884	0.892	0.884	0.886	77425589	68756216.000
11/13/2009	0.884	0.894	0.876	0.893	70612679	62405252.000
11/16/2009	0.897	0.922	0.895	0.921	80849874	73753152.000
11/17/2009	0.926	0.933	0.921	0.924	67076946	62175472.000
11/18/2009	0.926	0.931	0.921	0.924	33116465	30658896.000
11/19/2009	0.926	0.931	0.908	0.926	125301647	114822560.000
11/20/2009	0.920	0.928	0.912	0.925	75554655	69519968.000
11/23/2009	0.925	0.927	0.918	0.926	37802003	34872184.000
11/24/2009	0.929	0.933	0.900	0.902	115100258	105716704.000
11/25/2009	0.900	0.920	0.894	0.920	92276239	83394192.000
11/26/2009	0.919	0.921	0.875	0.882	101004767	90498704.000
11/27/2009	0.871	0.887	0.862	0.862	105014290	91584088.000
11/30/2009	0.870	0.891	0.868	0.889	52251122	46035004.000
12/01/2009	0.891	0.904	0.884	0.900	48468223	43308560.000
12/02/2009	0.901	0.911	0.901	0.910	50904859	46147492.000
12/03/2009	0.908	0.910	0.899	0.906	32906568	29761220.000
12/04/2009	0.902	0.922	0.900	0.921	84411928	76950864.000
12/07/2009	0.922	0.925	0.916	0.924	51586128	47548476.000
12/08/2009	0.923	0.925	0.910	0.915	36690667	33640144.000
12/09/2009	0.910	0.912	0.896	0.898	49049014	44261076.000
12/10/2009	0.903	0.910	0.898	0.903	42014721	37899652.000
12/11/2009	0.904	0.912	0.901	0.903	73729939	66762600.000
12/14/2009	0.901	0.913	0.886	0.911	67811324	61196244.000
12/15/2009	0.908	0.911	0.903	0.904	26463469	23976806.000
12/16/2009	0.902	0.909	0.899	0.901	30341076	27411382.000
12/17/2009	0.900	0.905	0.880	0.884	42388943	37723116.000
12/18/2009	0.879	0.879	0.865	0.868	47969885	41761796.000
12/21/2009	0.867	0.875	0.863	0.869	25710700	22308360.000
12/22/2009	0.869	0.871	0.847	0.851	43428153	37249788.000
12/23/2009	0.852	0.858	0.848	0.852	23596410	20138634.000
12/24/2009	0.852	0.880	0.852	0.879	36211168	31563334.000
12/25/2009	0.880	0.883	0.873	0.875	16371539	14353944.000
12/28/2009	0.878	0.893	0.875	0.882	38353913	33952292.000
12/29/2009	0.883	0.887	0.876	0.887	24582691	21696684.000
12/30/2009	0.888	0.909	0.883	0.907	75268852	67763496.000
12/31/2009	0.909	0.919	0.901	0.918	84350137	77024344.000
01/04/2010	0.923	0.927	0.906	0.908	33776239	30836932.000
01/05/2010	0.905	0.916	0.900	0.912	38773571	35193604.000
01/06/2010	0.911	0.915	0.903	0.904	23787429	21622386.000
01/07/2010	0.903	0.906	0.868	0.880	101241547	89797240.000
01/08/2010	0.876	0.891	0.870	0.887	51891351	45667056.000
01/11/2010	0.926	0.937	0.867	0.884	260024855	232478096.000
01/12/2010	0.878	0.896	0.870	0.896	90861093	80373584.000
01/13/2010	0.879	0.895	0.872	0.874	120267706	106248624.000
01/14/2010	0.877	0.887	0.871	0.884	30906038	27193942.000
01/15/2010	0.885	0.891	0.879	0.885	25676633	22718382.000
01/18/2010	0.883	0.887	0.880	0.885	28089908	24811160.000
01/19/2010	0.886	0.896	0.886	0.889	39505563	35165620.000
01/20/2010	0.889	0.893	0.860	0.866	90996753	79426352.000
01/21/2010	0.868	0.879	0.862	0.871	37961709	32985968.000
01/22/2010	0.866	0.866	0.846	0.853	103043914	87955824.000
01/25/2010	0.848	0.854	0.843	0.844	29921878	25392936.000
01/26/2010	0.842	0.846	0.824	0.836	77131406	64270548.000
01/27/2010	0.833	0.833	0.815	0.816	61365371	50531524.000
01/28/2010	0.818	0.825	0.811	0.820	49636331	40572340.000
01/29/2010	0.817	0.828	0.811	0.819	30278002	24886178.000
02/01/2010	0.818	0.818	0.800	0.807	45604157	36735960.000
02/02/2010	0.808	0.818	0.800	0.803	36852339	29881462.000
02/03/2010	0.805	0.825	0.795	0.825	62059604	50430672.000
02/04/2010	0.818	0.826	0.816	0.820	44627454	36614428.000
02/05/2010	0.810	0.812	0.802	0.807	52682393	42447156.000
02/08/2010	0.807	0.809	0.802	0.804	18656281	15028128.000
02/09/2010	0.807	0.812	0.803	0.806	29677339	23944856.000
02/10/2010	0.811	0.817	0.809	0.817	36902864	30003622.000
02/11/2010	0.817	0.824	0.813	0.823	37788146	31025520.000
02/12/2010	0.825	0.828	0.822	0.826	49555841	40912504.000
02/22/2010	0.826	0.831	0.822	0.825	48203761	39878096.000
02/23/2010	0.823	0.823	0.806	0.814	25452425	20699176.000
02/24/2010	0.810	0.824	0.806	0.824	41650334	34049820.000
02/25/2010	0.825	0.835	0.824	0.834	65385673	54349136.000
02/26/2010	0.833	0.835	0.829	0.830	32618925	27137306.000
03/01/2010	0.830	0.842	0.830	0.841	55439219	46440736.000
03/02/2010	0.842	0.844	0.833	0.837	45151006	37816440.000
03/03/2010	0.837	0.843	0.833	0.843	38059429	31914356.000
03/04/2010	0.842	0.845	0.824	0.824	45624042	38117540.000
03/05/2010	0.825	0.829	0.822	0.826	25253021	20853194.000
03/08/2010	0.827	0.834	0.825	0.832	21969841	18227410.000
03/09/2010	0.831	0.839	0.823	0.838	36933538	30771626.000
03/10/2010	0.838	0.840	0.829	0.832	21278663	17750898.000
03/11/2010	0.830	0.836	0.825	0.830	22019563	18290532.000
03/12/2010	0.830	0.831	0.818	0.820	30947483	25517962.000
03/15/2010	0.820	0.823	0.805	0.809	40239064	32575434.000
03/16/2010	0.809	0.813	0.806	0.812	14503827	11738171.000
03/17/2010	0.814	0.830	0.813	0.830	38819005	31968262.000
03/18/2010	0.830	0.834	0.824	0.827	26277846	21817556.000
03/19/2010	0.827	0.834	0.822	0.834	38608063	32002720.000
03/22/2010	0.834	0.837	0.831	0.835	37493261	31271650.000
03/23/2010	0.835	0.836	0.828	0.829	30673404	25498532.000
03/24/2010	0.831	0.834	0.827	0.829	25067914	20829702.000
03/25/2010	0.828	0.828	0.814	0.817	37535961	30741908.000
03/26/2010	0.818	0.831	0.816	0.829	45069808	37235224.000
03/29/2010	0.832	0.850	0.831	0.849	158613873	133755960.000
03/30/2010	0.847	0.851	0.843	0.849	69546097	58908248.000
03/31/2010	0.849	0.850	0.841	0.844	42496357	35918276.000
04/01/2010	0.844	0.857	0.844	0.857	70603160	60179780.000
04/02/2010	0.856	0.861	0.855	0.860	35717655	30649506.000
04/06/2010	0.863	0.865	0.855	0.860	36474244	31415492.000
04/07/2010	0.858	0.859	0.850	0.855	35741709	30514466.000
04/08/2010	0.852	0.853	0.843	0.846	65620529	55671356.000
04/09/2010	0.845	0.854	0.845	0.854	34286019	29138104.000
04/12/2010	0.857	0.857	0.840	0.845	49529473	41964044.000
04/13/2010	0.845	0.857	0.841	0.857	68992124	58696544.000
04/14/2010	0.857	0.859	0.851	0.857	39667430	33920184.000
04/15/2010	0.859	0.861	0.851	0.857	41302740	35340660.000
04/16/2010	0.857	0.859	0.852	0.855	99640718	85309576.000
04/19/2010	0.848	0.848	0.802	0.807	128234118	106144496.000
04/20/2010	0.809	0.817	0.800	0.814	85760556	69440072.000
04/21/2010	0.814	0.826	0.810	0.824	46017129	37654976.000
04/22/2010	0.822	0.823	0.809	0.814	51324157	41904464.000
04/23/2010	0.814	0.819	0.808	0.809	41927969	34100192.000
04/26/2010	0.810	0.815	0.802	0.807	51177348	41421796.000
04/27/2010	0.804	0.804	0.784	0.795	75854912	60110284.000
04/28/2010	0.788	0.793	0.778	0.788	37497425	29465042.000
04/29/2010	0.791	0.796	0.784	0.785	34249357	27100200.000
04/30/2010	0.783	0.789	0.775	0.786	38905749	30382928.000
05/04/2010	0.780	0.785	0.773	0.776	29035212	22599480.000
05/05/2010	0.771	0.783	0.764	0.781	55512282	42833872.000
05/06/2010	0.779	0.779	0.744	0.748	83609809	63923240.000
05/07/2010	0.738	0.746	0.731	0.735	71690551	52819604.000
05/10/2010	0.736	0.740	0.725	0.738	85114528	62462932.000
05/11/2010	0.750	0.751	0.717	0.718	130883816	96643064.000
05/12/2010	0.712	0.725	0.707	0.722	126411377	90431728.000
05/13/2010	0.722	0.740	0.720	0.740	71634842	52315336.000
05/14/2010	0.735	0.738	0.728	0.731	121838008	89169328.000
05/17/2010	0.724	0.724	0.694	0.696	133545415	94440792.000
05/18/2010	0.696	0.714	0.691	0.708	90298515	63417916.000
05/19/2010	0.703	0.719	0.695	0.707	75040381	53068160.000
05/20/2010	0.704	0.717	0.698	0.700	69095638	48836908.000
05/21/2010	0.684	0.709	0.682	0.708	78384480	54406368.000
05/24/2010	0.713	0.738	0.710	0.736	96898549	70818880.000
05/25/2010	0.730	0.731	0.718	0.722	57982297	42005356.000
05/26/2010	0.725	0.729	0.718	0.721	35400493	25593122.000
05/27/2010	0.719	0.737	0.709	0.734	65381670	47268648.000
05/28/2010	0.741	0.743	0.728	0.732	64394507	47381732.000
05/31/2010	0.728	0.733	0.713	0.713	74628360	53948920.000
06/01/2010	0.708	0.717	0.700	0.705	67195895	47490068.000
06/02/2010	0.701	0.708	0.695	0.708	40454022	28391694.000
06/03/2010	0.710	0.716	0.704	0.705	40536261	28803906.000
06/04/2010	0.703	0.707	0.699	0.706	29560921	20779186.000
06/07/2010	0.693	0.696	0.689	0.694	56622619	39237860.000
06/08/2010	0.694	0.699	0.688	0.695	41314842	28685526.000
06/09/2010	0.698	0.717	0.693	0.716	69564170	49041708.000
06/10/2010	0.710	0.713	0.704	0.707	64497723	45747052.000
06/11/2010	0.711	0.714	0.707	0.708	50647363	35999920.000
06/17/2010	0.712	0.714	0.705	0.705	39282276	27851994.000
06/18/2010	0.705	0.706	0.690	0.693	53026427	37106064.000
06/21/2010	0.696	0.717	0.692	0.715	100996667	71608720.000
06/22/2010	0.712	0.717	0.711	0.715	38496999	27478668.000
06/23/2010	0.712	0.715	0.700	0.707	50760583	35904380.000
06/24/2010	0.706	0.715	0.704	0.709	32737981	23203418.000
06/25/2010	0.705	0.708	0.700	0.703	33974582	23902510.000
06/28/2010	0.702	0.707	0.700	0.701	22621273	15906884.000
06/29/2010	0.703	0.704	0.670	0.672	86995916	59462152.000
06/30/2010	0.668	0.669	0.661	0.665	39147893	26053876.000
07/01/2010	0.666	0.667	0.657	0.658	27658976	18331990.000
07/02/2010	0.658	0.660	0.644	0.658	48654163	31798092.000
07/05/2010	0.652	0.660	0.644	0.654	34029794	22178064.000
07/06/2010	0.653	0.666	0.651	0.663	54408883	35888840.000
07/07/2010	0.663	0.668	0.660	0.665	44529670	29531612.000
07/08/2010	0.669	0.672	0.663	0.664	28967746	19333432.000
07/09/2010	0.667	0.687	0.663	0.684	60108322	40743016.000
07/12/2010	0.687	0.695	0.683	0.691	52698166	36334496.000
07/13/2010	0.687	0.687	0.680	0.683	30402088	20789814.000
07/14/2010	0.685	0.694	0.685	0.687	32661418	22518350.000
07/15/2010	0.691	0.695	0.677	0.678	29028110	19946286.000
07/16/2010	0.675	0.680	0.670	0.677	29840229	20117626.000
07/19/2010	0.670	0.697	0.668	0.693	49382924	33857432.000
07/20/2010	0.693	0.713	0.693	0.708	77799153	54799296.000
07/21/2010	0.707	0.713	0.705	0.708	39094738	27709662.000
07/22/2010	0.706	0.719	0.706	0.718	53449925	38144700.000
07/23/2010	0.718	0.723	0.714	0.721	56677663	40767300.000
07/26/2010	0.722	0.724	0.716	0.724	47307714	34163580.000
07/27/2010	0.723	0.724	0.720	0.721	24260938	17515048.000
07/28/2010	0.721	0.742	0.718	0.741	56109768	41111492.000
07/29/2010	0.742	0.752	0.739	0.746	106220887	79300232.000
07/30/2010	0.744	0.746	0.737	0.742	38154919	28304882.000
08/02/2010	0.743	0.758	0.743	0.756	57962804	43539504.000
08/03/2010	0.756	0.758	0.743	0.743	53040392	39916660.000
08/04/2010	0.741	0.747	0.731	0.746	57233051	42327660.000
08/05/2010	0.745	0.746	0.732	0.736	43756106	32417620.000
08/06/2010	0.735	0.752	0.730	0.751	44539236	32999566.000
08/09/2010	0.750	0.754	0.745	0.752	31980671	23993996.000
08/10/2010	0.752	0.753	0.735	0.735	51613854	38283424.000
08/11/2010	0.732	0.739	0.730	0.735	31731299	23291854.000
08/12/2010	0.731	0.737	0.727	0.728	33235704	24285056.000
08/13/2010	0.727	0.740	0.723	0.738	58917336	42969588.000
08/16/2010	0.735	0.754	0.732	0.753	50636107	37786668.000
08/17/2010	0.753	0.759	0.751	0.757	42519690	32122170.000
08/18/2010	0.757	0.760	0.753	0.755	28845925	21839558.000
08/19/2010	0.756	0.767	0.753	0.760	43785893	33293236.000
08/20/2010	0.756	0.759	0.744	0.746	44279284	33190406.000
08/23/2010	0.745	0.750	0.742	0.744	23631385	17636578.000
08/24/2010	0.743	0.760	0.735	0.748	48852973	36363928.000
08/25/2010	0.745	0.746	0.731	0.732	38219200	28219800.000
08/26/2010	0.734	0.740	0.731	0.733	23244564	17069562.000
08/27/2010	0.731	0.736	0.730	0.735	22034897	16152539.000
08/30/2010	0.739	0.752	0.739	0.749	44880468	33505282.000
08/31/2010	0.746	0.748	0.741	0.745	37278604	27750120.000
09/01/2010	0.747	0.753	0.735	0.741	34200531	25464988.000
09/02/2010	0.745	0.751	0.744	0.749	34091722	25516586.000
09/03/2010	0.750	0.751	0.742	0.749	27561440	20596492.000
09/06/2010	0.754	0.763	0.752	0.762	86852419	65723868.000
09/07/2010	0.762	0.765	0.758	0.764	45598590	34722500.000
09/08/2010	0.761	0.764	0.757	0.763	37374002	28418876.000
09/09/2010	0.763	0.764	0.749	0.751	41061577	30993138.000
09/10/2010	0.752	0.754	0.744	0.751	35501344	26598344.000
09/13/2010	0.751	0.760	0.750	0.759	54542742	41143420.000
09/14/2010	0.760	0.762	0.754	0.757	59369643	44983784.000
09/15/2010	0.757	0.758	0.743	0.744	64750284	48545528.000
09/16/2010	0.745	0.748	0.728	0.735	63718597	46936720.000
09/17/2010	0.737	0.738	0.733	0.736	34193462	25158604.000
09/20/2010	0.737	0.738	0.729	0.734	24159776	17744272.000
09/21/2010	0.735	0.738	0.731	0.736	29731262	21831932.000
09/27/2010	0.737	0.746	0.735	0.746	41146023	30480314.000
09/28/2010	0.745	0.745	0.739	0.742	18710825	13884637.000
09/29/2010	0.741	0.747	0.739	0.741	24742599	18385518.000
09/30/2010	0.736	0.755	0.736	0.754	46848092	35111672.000
10/08/2010	0.759	0.783	0.759	0.780	92254397	71438496.000
10/11/2010	0.782	0.806	0.782	0.801	96596842	76975080.000
10/12/2010	0.799	0.812	0.795	0.811	99245095	79981304.000
10/13/2010	0.810	0.825	0.807	0.821	85727950	69932848.000
10/14/2010	0.825	0.834	0.820	0.822	82761554	68416400.000
10/18/2010	0.868	0.872	0.848	0.848	89506402	76910928.000
10/19/2010	0.845	0.864	0.843	0.864	63543228	54161284.000
10/20/2010	0.848	0.885	0.848	0.871	132693291	115319176.000
10/21/2010	0.871	0.876	0.860	0.865	73500255	63938820.000
10/22/2010	0.865	0.869	0.856	0.862	39642890	34247760.000
10/25/2010	0.862	0.896	0.862	0.894	97794990	85953816.000
10/26/2010	0.899	0.905	0.885	0.891	73249475	65630064.000
10/27/2010	0.889	0.893	0.874	0.876	75362669	66635080.000
10/28/2010	0.874	0.884	0.866	0.871	57223644	49971980.000
10/29/2010	0.870	0.872	0.857	0.867	44410034	38419536.000
11/01/2010	0.867	0.894	0.867	0.894	70747248	62799464.000
11/02/2010	0.892	0.900	0.884	0.888	57020248	50851000.000
11/03/2010	0.886	0.889	0.867	0.874	43277326	38172336.000
11/04/2010	0.875	0.895	0.875	0.894	82538047	73186248.000
11/05/2010	0.905	0.910	0.900	0.903	82320726	74441936.000
11/08/2010	0.903	0.909	0.900	0.905	49898081	45122736.000
11/09/2010	0.905	0.905	0.893	0.898	69495450	62500424.000
11/10/2010	0.893	0.895	0.884	0.892	38635616	34395224.000
11/11/2010	0.891	0.907	0.891	0.895	47403347	42694948.000
11/12/2010	0.887	0.888	0.835	0.838	117833929	101905368.000
11/15/2010	0.841	0.846	0.830	0.842	85922410	71989400.000
11/16/2010	0.841	0.841	0.808	0.809	84636708	69843928.000
11/17/2010	0.795	0.813	0.793	0.797	84369047	67576480.000
11/18/2010	0.802	0.808	0.796	0.805	53834328	43259696.000
11/19/2010	0.808	0.813	0.783	0.812	111438358	88625520.000
11/22/2010	0.806	0.816	0.803	0.809	56438078	45662108.000
11/23/2010	0.807	0.807	0.782	0.794	61295279	48502296.000
11/24/2010	0.791	0.812	0.791	0.811	48906246	39406720.000
11/25/2010	0.815	0.823	0.810	0.823	87889550	71715360.000
11/26/2010	0.820	0.821	0.808	0.812	109859142	89328064.000
11/29/2010	0.809	0.815	0.805	0.810	103221050	83515248.000
11/30/2010	0.808	0.816	0.783	0.801	67534677	53845592.000
12/01/2010	0.798	0.803	0.793	0.800	32367435	25864144.000
12/02/2010	0.813	0.816	0.803	0.804	112683535	91184968.000
12/03/2010	0.805	0.808	0.799	0.806	39199916	31507106.000
12/06/2010	0.809	0.812	0.801	0.808	45147898	36431236.000
12/07/2010	0.805	0.820	0.794	0.817	64087774	51591856.000
12/08/2010	0.815	0.819	0.808	0.808	91372281	74187816.000
12/09/2010	0.806	0.808	0.797	0.798	37044248	29691010.000
12/10/2010	0.795	0.813	0.792	0.807	59709805	48015104.000
12/13/2010	0.809	0.840	0.809	0.836	126634564	104457464.000
12/14/2010	0.836	0.837	0.832	0.833	32529717	27138564.000
12/15/2010	0.835	0.835	0.826	0.829	29208620	24284004.000
12/16/2010	0.826	0.830	0.822	0.824	22633732	18724184.000
12/17/2010	0.824	0.826	0.820	0.822	19799172	16274065.000
12/20/2010	0.826	0.830	0.795	0.813	47544564	38460176.000
12/21/2010	0.812	0.830	0.809	0.828	46393008	38035532.000
12/22/2010	0.830	0.830	0.815	0.819	52033852	42815420.000
12/23/2010	0.818	0.824	0.812	0.815	30276452	24739948.000
12/24/2010	0.809	0.813	0.803	0.807	28070476	22662370.000
12/27/2010	0.809	0.822	0.794	0.794	61327547	49636988.000
12/28/2010	0.793	0.793	0.783	0.785	35637596	28086814.000
12/29/2010	0.783	0.786	0.778	0.785	48780581	38197272.000
12/30/2010	0.784	0.787	0.775	0.784	95670219	74617952.000
12/31/2010	0.784	0.800	0.784	0.800	49148920	38981324.000
01/04/2011	0.804	0.815	0.801	0.813	91714637	74113920.000
01/05/2011	0.810	0.813	0.807	0.810	59358902	48093284.000
01/06/2011	0.811	0.816	0.805	0.807	59282326	47878432.000
01/07/2011	0.807	0.823	0.803	0.809	65011752	52814984.000
01/10/2011	0.808	0.812	0.796	0.796	44841314	36059684.000
01/11/2011	0.794	0.801	0.793	0.799	29300874	23350044.000
01/12/2011	0.801	0.806	0.796	0.804	27652263	22144302.000
01/13/2011	0.805	0.808	0.801	0.805	28597215	23018256.000
01/14/2011	0.803	0.803	0.794	0.795	27946380	22276202.000
01/17/2011	0.791	0.795	0.769	0.770	58800325	45666012.000
01/18/2011	0.769	0.770	0.760	0.768	14728317	11294255.000
01/19/2011	0.769	0.784	0.756	0.784	30862801	23896976.000
01/20/2011	0.780	0.781	0.757	0.759	39310405	30177960.000
01/21/2011	0.757	0.777	0.756	0.768	41776972	31987790.000
01/24/2011	0.767	0.771	0.760	0.762	21980160	16829522.000
01/25/2011	0.762	0.764	0.756	0.760	21514124	16327362.000
01/26/2011	0.761	0.767	0.760	0.767	26051584	19907238.000
01/27/2011	0.763	0.779	0.759	0.779	35566705	27415734.000
01/28/2011	0.778	0.783	0.774	0.780	41900494	32671546.000
01/31/2011	0.781	0.790	0.778	0.789	25961876	20396108.000
02/01/2011	0.789	0.794	0.787	0.791	27166788	21485080.000
02/09/2011	0.788	0.792	0.778	0.781	25315341	19897688.000
02/10/2011	0.778	0.797	0.777	0.796	46017181	36257796.000
02/11/2011	0.795	0.801	0.793	0.799	65573904	52321220.000
02/14/2011	0.801	0.828	0.801	0.825	96754640	78943912.000
02/15/2011	0.828	0.835	0.823	0.824	56922808	47215692.000
02/16/2011	0.824	0.830	0.820	0.830	30618726	25282058.000
02/17/2011	0.833	0.834	0.825	0.830	30839070	25566864.000
02/18/2011	0.827	0.830	0.821	0.823	21744769	17941830.000
02/21/2011	0.820	0.831	0.818	0.831	55942532	46267328.000
02/22/2011	0.831	0.833	0.808	0.810	94449515	77326048.000
02/23/2011	0.808	0.815	0.807	0.812	37622960	30515300.000
02/24/2011	0.810	0.817	0.808	0.815	28792909	23401784.000
02/25/2011	0.816	0.823	0.809	0.816	35402424	28866634.000
02/28/2011	0.817	0.827	0.811	0.826	58844384	48294384.000
03/01/2011	0.826	0.833	0.824	0.829	48077741	39836308.000
03/02/2011	0.825	0.829	0.817	0.826	42659110	35123860.000
03/03/2011	0.827	0.836	0.824	0.824	108096256	89784376.000
03/04/2011	0.824	0.836	0.823	0.835	43305690	35971348.000
03/07/2011	0.838	0.851	0.837	0.851	84341397	71334912.000
03/08/2011	0.848	0.851	0.843	0.849	35120645	29763000.000
03/09/2011	0.851	0.854	0.847	0.850	38635373	32877724.000
03/10/2011	0.849	0.849	0.837	0.837	57578458	48443408.000
03/11/2011	0.835	0.840	0.823	0.827	51133076	42604944.000
03/14/2011	0.826	0.831	0.823	0.831	36641865	30324616.000
03/15/2011	0.828	0.828	0.802	0.818	63680297	51812064.000
03/16/2011	0.818	0.828	0.816	0.828	62765574	51684012.000
03/17/2011	0.820	0.825	0.814	0.817	35374424	28990224.000
03/18/2011	0.822	0.827	0.819	0.820	30935988	25445050.000
03/21/2011	0.824	0.827	0.815	0.819	31632051	25934996.000
03/22/2011	0.823	0.825	0.811	0.822	30521036	25001376.000
03/23/2011	0.822	0.834	0.820	0.833	54300078	45030764.000
03/24/2011	0.833	0.834	0.829	0.830	23135941	19245826.000
03/25/2011	0.831	0.843	0.830	0.839	31314231	26265594.000
03/28/2011	0.840	0.848	0.837	0.838	42407998	35779276.000
03/29/2011	0.837	0.843	0.830	0.831	36121357	30195144.000
03/30/2011	0.830	0.835	0.826	0.831	45984863	38272084.000
03/31/2011	0.830	0.833	0.824	0.824	64913112	53769244.000
04/01/2011	0.824	0.836	0.824	0.835	28905151	23966768.000
04/06/2011	0.834	0.843	0.833	0.843	33719962	28308104.000
04/07/2011	0.843	0.846	0.840	0.845	22975601	19381024.000
04/08/2011	0.844	0.855	0.842	0.854	43556712	37016796.000
04/11/2011	0.853	0.859	0.848	0.849	31454211	26893092.000
04/12/2011	0.847	0.851	0.843	0.846	43686843	37031404.000
04/13/2011	0.844	0.857	0.840	0.857	26702335	22661420.000
04/14/2011	0.857	0.862	0.853	0.854	87880513	75485728.000
04/15/2011	0.853	0.860	0.846	0.855	32677783	27899242.000
04/18/2011	0.851	0.859	0.850	0.855	41127848	35188612.000
04/19/2011	0.852	0.852	0.841	0.841	26211640	22153502.000
04/20/2011	0.842	0.847	0.840	0.843	15326719	12924334.000
04/21/2011	0.844	0.850	0.843	0.847	13971131	11821870.000
04/22/2011	0.848	0.848	0.841	0.843	10397658	8772718.000
04/25/2011	0.841	0.841	0.831	0.831	35679997	29759360.000
04/26/2011	0.831	0.833	0.826	0.829	24297630	20152818.000
04/27/2011	0.831	0.834	0.816	0.824	41669000	34491212.000
04/28/2011	0.824	0.829	0.815	0.815	52073769	42816152.000
04/29/2011	0.815	0.828	0.812	0.827	40373425	33065808.000
05/03/2011	0.821	0.821	0.813	0.820	43817209	35789972.000
05/04/2011	0.816	0.816	0.800	0.804	51229413	41336072.000
05/05/2011	0.803	0.808	0.800	0.804	32330971	25986228.000
05/06/2011	0.798	0.806	0.796	0.801	22848492	18243156.000
05/09/2011	0.803	0.806	0.800	0.802	17851226	14353222.000
05/10/2011	0.804	0.810	0.801	0.808	15791716	12729405.000
05/11/2011	0.808	0.811	0.803	0.807	10171005	8211493.500
05/12/2011	0.803	0.806	0.799	0.799	15395010	12357553.000
05/13/2011	0.799	0.810	0.799	0.807	47342984	38078416.000
05/16/2011	0.809	0.809	0.803	0.805	23353598	18800878.000
05/17/2011	0.804	0.808	0.797	0.801	31091749	24964426.000
05/18/2011	0.802	0.808	0.799	0.807	20036650	16119961.000
05/19/2011	0.808	0.809	0.801	0.803	33533247	27017354.000
05/20/2011	0.803	0.805	0.801	0.802	15188538	12196670.000
05/23/2011	0.801	0.801	0.782	0.782	50365728	39827916.000
05/24/2011	0.783	0.783	0.773	0.781	22750074	17694794.000
05/25/2011	0.780	0.782	0.773	0.773	19601503	15214021.000
05/26/2011	0.776	0.780	0.770	0.770	17031295	13186565.000
05/27/2011	0.772	0.775	0.767	0.767	41595269	32071442.000
05/30/2011	0.766	0.770	0.760	0.760	43158146	32991134.000
05/31/2011	0.763	0.776	0.762	0.773	48220734	36999868.000
06/01/2011	0.771	0.774	0.769	0.773	50507049	38963592.000
06/02/2011	0.768	0.771	0.757	0.763	51390742	39228268.000
06/03/2011	0.763	0.771	0.760	0.770	27081760	20736568.000
06/07/2011	0.768	0.772	0.766	0.772	31346651	24093736.000
06/08/2011	0.771	0.775	0.762	0.773	24481423	18830004.000
06/09/2011	0.771	0.773	0.761	0.762	23281148	17852496.000
06/10/2011	0.762	0.765	0.757	0.764	21330849	16250341.000
06/13/2011	0.761	0.763	0.755	0.761	16706727	12664336.000
06/14/2011	0.761	0.772	0.761	0.770	24202683	18544926.000
06/15/2011	0.769	0.774	0.765	0.766	16807440	12948907.000
06/16/2011	0.763	0.763	0.756	0.758	32212059	24435320.000
06/17/2011	0.757	0.760	0.751	0.752	21111783	15971159.000
06/20/2011	0.751	0.751	0.743	0.745	20661212	15439462.000
06/21/2011	0.747	0.751	0.743	0.751	91062077	67969160.000
06/22/2011	0.751	0.755	0.746	0.750	33267139	24975346.000
06/23/2011	0.748	0.768	0.747	0.766	30141657	22844422.000
06/24/2011	0.763	0.792	0.763	0.785	71394864	55774728.000
06/27/2011	0.783	0.790	0.780	0.785	52268968	40935492.000
06/28/2011	0.785	0.786	0.777	0.784	60774248	47452200.000
06/29/2011	0.784	0.785	0.776	0.776	25596336	19983684.000
06/30/2011	0.776	0.792	0.776	0.786	50763594	39853064.000
07/01/2011	0.786	0.791	0.781	0.786	37649890	29552020.000
07/04/2011	0.790	0.803	0.790	0.803	56027702	44759940.000
07/05/2011	0.804	0.805	0.801	0.804	20227978	16238957.000
07/06/2011	0.804	0.804	0.796	0.803	25449276	20353836.000
07/07/2011	0.806	0.809	0.799	0.800	44259054	35555936.000
07/08/2011	0.801	0.806	0.799	0.803	45979700	36861648.000
07/11/2011	0.800	0.804	0.797	0.803	18423950	14754929.000
07/12/2011	0.799	0.799	0.791	0.792	34891600	27694596.000
07/13/2011	0.790	0.804	0.790	0.803	21760980	17397198.000
07/14/2011	0.803	0.806	0.798	0.804	33619323	27008186.000
07/15/2011	0.803	0.809	0.800	0.807	32162109	25915554.000
07/18/2011	0.807	0.809	0.804	0.806	14947168	12056293.000
07/19/2011	0.804	0.804	0.798	0.800	16493402	13186146.000
07/20/2011	0.803	0.805	0.795	0.800	17171396	13768906.000
07/21/2011	0.798	0.801	0.791	0.792	31008123	24686710.000
07/22/2011	0.792	0.797	0.791	0.793	12197402	9685701.000
07/25/2011	0.789	0.790	0.767	0.769	35859005	27891674.000
07/26/2011	0.770	0.773	0.768	0.772	14987689	11551547.000
07/27/2011	0.770	0.775	0.765	0.774	36454820	28136802.000
07/28/2011	0.770	0.772	0.765	0.771	16143870	12407209.000
07/29/2011	0.772	0.774	0.764	0.769	16359450	12590693.000
08/01/2011	0.769	0.773	0.768	0.771	15622490	12035496.000
08/02/2011	0.767	0.767	0.757	0.765	22268911	16930274.000
08/03/2011	0.761	0.768	0.758	0.765	28391660	21671552.000
08/04/2011	0.766	0.771	0.764	0.766	24564704	18837046.000
08/05/2011	0.750	0.755	0.747	0.752	45214458	33974228.000
08/08/2011	0.745	0.749	0.712	0.728	100203013	73367656.000
08/09/2011	0.710	0.729	0.707	0.727	82376367	59008776.000
08/10/2011	0.735	0.739	0.731	0.733	58747837	43182972.000
08/11/2011	0.725	0.746	0.725	0.743	63564905	46879488.000
08/12/2011	0.746	0.749	0.742	0.745	64601289	48116876.000
08/15/2011	0.746	0.756	0.744	0.756	27702853	20799582.000
08/16/2011	0.755	0.758	0.748	0.751	16799828	12658634.000
08/17/2011	0.751	0.755	0.748	0.749	16923654	12719069.000
08/18/2011	0.750	0.752	0.736	0.737	27510769	20508334.000
08/19/2011	0.731	0.737	0.729	0.733	37266790	27302116.000
08/22/2011	0.732	0.736	0.720	0.723	34339189	24965484.000
08/23/2011	0.725	0.732	0.724	0.732	29808153	21670874.000
08/24/2011	0.735	0.737	0.728	0.729	27284046	20010254.000
08/25/2011	0.731	0.761	0.731	0.757	83105106	62438664.000
08/26/2011	0.752	0.756	0.747	0.756	20223441	15214272.000
08/29/2011	0.751	0.751	0.737	0.741	34124637	25350214.000
08/30/2011	0.744	0.758	0.735	0.738	60618918	45126260.000
08/31/2011	0.739	0.744	0.735	0.741	31627446	23372424.000
09/01/2011	0.741	0.750	0.734	0.738	18639522	13794211.000
09/02/2011	0.737	0.741	0.730	0.733	28630382	21022610.000
09/05/2011	0.726	0.736	0.720	0.723	25725226	18628830.000
09/06/2011	0.720	0.740	0.719	0.723	24878988	18052380.000
09/07/2011	0.723	0.730	0.719	0.729	19878797	14400786.000
09/08/2011	0.731	0.731	0.721	0.722	29139183	21123628.000
09/09/2011	0.723	0.732	0.711	0.719	33480628	24204022.000
09/13/2011	0.712	0.715	0.707	0.713	37149289	26415424.000
09/14/2011	0.715	0.716	0.701	0.714	42854785	30395144.000
09/15/2011	0.713	0.720	0.712	0.713	16902928	12089662.000
09/16/2011	0.716	0.720	0.713	0.715	13162339	9437925.000
09/19/2011	0.713	0.713	0.703	0.703	20800715	14666227.000
09/20/2011	0.703	0.707	0.700	0.704	20454481	14375814.000
09/21/2011	0.703	0.731	0.701	0.725	36883442	26456856.000
09/22/2011	0.720	0.723	0.703	0.705	49401366	35327324.000
09/23/2011	0.700	0.706	0.690	0.700	49806464	34697844.000
09/26/2011	0.698	0.703	0.688	0.689	33995799	23615056.000
09/27/2011	0.693	0.703	0.690	0.696	37714676	26256994.000
09/28/2011	0.701	0.703	0.688	0.691	31063182	21594606.000
09/29/2011	0.689	0.693	0.683	0.689	42946664	29528548.000
09/30/2011	0.689	0.690	0.675	0.679	56426511	38379292.000
10/10/2011	0.680	0.682	0.671	0.672	21855091	14794399.000
10/11/2011	0.687	0.690	0.662	0.669	47617670	32301176.000
10/12/2011	0.668	0.693	0.663	0.692	50538867	34543476.000
10/13/2011	0.690	0.698	0.687	0.696	49678864	34430240.000
10/14/2011	0.695	0.697	0.687	0.694	33635984	23308722.000
10/17/2011	0.695	0.701	0.694	0.696	20840163	14535676.000
10/18/2011	0.692	0.692	0.680	0.681	22561322	15468809.000
10/19/2011	0.680	0.686	0.677	0.679	25033251	17044370.000
10/20/2011	0.675	0.675	0.659	0.664	38432642	25574070.000
10/21/2011	0.664	0.668	0.660	0.662	26968444	17905156.000
10/24/2011	0.664	0.680	0.660	0.678	49483586	33198702.000
10/25/2011	0.676	0.688	0.672	0.684	55785980	37851784.000
10/26/2011	0.682	0.699	0.682	0.692	53647544	37137240.000
10/27/2011	0.693	0.696	0.690	0.695	40623561	28161728.000
10/28/2011	0.704	0.712	0.701	0.710	62483026	44200028.000
10/31/2011	0.709	0.709	0.702	0.705	44438093	31340962.000
11/01/2011	0.700	0.712	0.697	0.704	48576824	34281036.000
11/02/2011	0.696	0.718	0.695	0.718	54670798	38470828.000
11/03/2011	0.722	0.725	0.715	0.717	44153226	31836852.000
11/04/2011	0.721	0.725	0.718	0.724	47604242	34405792.000
11/07/2011	0.720	0.722	0.714	0.717	25986732	18635826.000
11/08/2011	0.715	0.721	0.713	0.714	26890351	19268446.000
11/09/2011	0.716	0.721	0.707	0.718	40066917	28553782.000
11/10/2011	0.712	0.712	0.703	0.704	74380186	52496980.000
11/11/2011	0.705	0.707	0.701	0.704	43553791	30637988.000
11/14/2011	0.709	0.718	0.707	0.716	27736274	19772374.000
11/15/2011	0.715	0.716	0.710	0.713	21895185	15602356.000
11/16/2011	0.714	0.715	0.692	0.695	54766787	38267956.000
11/17/2011	0.695	0.699	0.693	0.693	33942295	23615644.000
11/18/2011	0.690	0.690	0.678	0.680	38677659	26449040.000
11/21/2011	0.680	0.681	0.676	0.680	17855497	12112778.000
11/22/2011	0.678	0.681	0.675	0.680	31642418	21461010.000
11/23/2011	0.681	0.683	0.673	0.675	75015312	50914204.000
11/24/2011	0.672	0.683	0.670	0.678	32887742	22268512.000
11/25/2011	0.678	0.681	0.673	0.674	33762277	22914058.000
11/28/2011	0.675	0.678	0.672	0.676	13760096	9290759.000
11/29/2011	0.680	0.683	0.676	0.683	14446922	9817632.000
11/30/2011	0.682	0.682	0.661	0.665	41710184	27832716.000
12/01/2011	0.679	0.688	0.675	0.675	37797152	25709294.000
12/02/2011	0.673	0.673	0.666	0.669	17164952	11482811.000
12/05/2011	0.668	0.669	0.663	0.666	38561064	25705288.000
12/06/2011	0.664	0.675	0.663	0.667	19518222	12998858.000
12/07/2011	0.666	0.667	0.661	0.664	15283944	10154827.000
12/08/2011	0.664	0.674	0.656	0.665	46895664	31050586.000
12/09/2011	0.663	0.670	0.659	0.666	21341362	14185985.000
12/12/2011	0.664	0.664	0.652	0.654	35702100	23440522.000
12/13/2011	0.653	0.654	0.645	0.646	61425391	40016112.000
12/14/2011	0.645	0.645	0.632	0.634	37084698	23685146.000
12/15/2011	0.631	0.632	0.619	0.619	75742680	47227524.000
12/16/2011	0.620	0.630	0.615	0.630	70636985	43787136.000
12/19/2011	0.624	0.629	0.608	0.626	40372340	24905564.000
12/20/2011	0.624	0.632	0.622	0.622	43435543	27154060.000
12/21/2011	0.627	0.629	0.614	0.615	26577748	16570133.000
12/22/2011	0.613	0.622	0.606	0.616	44351024	27177492.000
12/23/2011	0.616	0.627	0.613	0.620	25178439	15625771.000
12/26/2011	0.616	0.623	0.612	0.615	14343839	8840344.000
12/27/2011	0.614	0.617	0.607	0.608	32649160	19959566.000
12/28/2011	0.607	0.610	0.599	0.608	43093200	26049480.000
12/29/2011	0.605	0.611	0.605	0.608	25426195	15462761.000
12/30/2011	0.609	0.617	0.609	0.616	16136267	9912644.000
01/04/2012	0.620	0.622	0.606	0.606	19598738	12013537.000
01/05/2012	0.604	0.611	0.602	0.603	37261404	22556186.000
01/06/2012	0.603	0.606	0.599	0.605	23057812	13891196.000
01/09/2012	0.605	0.622	0.599	0.622	74900064	45707840.000
01/10/2012	0.623	0.643	0.610	0.641	118141855	74215992.000
01/11/2012	0.641	0.642	0.636	0.639	109447068	69964808.000
01/12/2012	0.636	0.645	0.636	0.640	33874607	21683716.000
01/13/2012	0.641	0.641	0.626	0.630	112707860	71381280.000
01/16/2012	0.626	0.630	0.620	0.620	50192088	31417872.000
01/17/2012	0.620	0.651	0.614	0.649	91733615	58391480.000
01/18/2012	0.649	0.652	0.631	0.637	67146178	43250692.000
01/19/2012	0.637	0.653	0.635	0.647	54623981	35245612.000
01/20/2012	0.649	0.657	0.647	0.656	33769334	22032044.000
01/30/2012	0.655	0.656	0.644	0.644	59315634	38429892.000
01/31/2012	0.644	0.647	0.642	0.645	42932117	27657356.000
02/01/2012	0.644	0.651	0.636	0.637	49072084	31650124.000
02/02/2012	0.639	0.651	0.638	0.649	30451010	19627420.000
02/03/2012	0.649	0.660	0.646	0.657	47552619	31110974.000
02/06/2012	0.658	0.660	0.650	0.655	39866241	26086070.000
02/07/2012	0.653	0.653	0.638	0.644	34627522	22292708.000
02/08/2012	0.644	0.665	0.642	0.661	48849023	31890912.000
02/09/2012	0.660	0.664	0.655	0.661	53258158	35156008.000
02/10/2012	0.658	0.667	0.656	0.662	67691091	44837340.000
02/13/2012	0.655	0.667	0.650	0.661	59484944	39176488.000
02/14/2012	0.661	0.661	0.654	0.658	36388451	23908134.000
02/15/2012	0.658	0.667	0.653	0.665	111709160	73420816.000
02/16/2012	0.663	0.667	0.656	0.662	67716653	44743620.000
02/17/2012	0.665	0.668	0.658	0.662	34724663	23043230.000
02/20/2012	0.669	0.671	0.663	0.664	37301514	24904902.000
02/21/2012	0.664	0.669	0.658	0.669	56073405	37160496.000
02/22/2012	0.669	0.678	0.666	0.677	64333618	43196776.000
02/23/2012	0.676	0.679	0.673	0.679	83755120	56637976.000
02/24/2012	0.679	0.690	0.677	0.689	85677814	58572780.000
02/27/2012	0.691	0.700	0.690	0.692	73672798	51204324.000
02/28/2012	0.693	0.697	0.690	0.695	48445006	33599432.000
02/29/2012	0.694	0.694	0.688	0.688	40967163	28282282.000
03/01/2012	0.688	0.691	0.686	0.687	19269221	13271405.000
03/02/2012	0.689	0.698	0.688	0.698	34345548	23840062.000
03/05/2012	0.699	0.701	0.693	0.693	47922267	33418308.000
03/06/2012	0.693	0.693	0.682	0.685	39492425	27116386.000
03/07/2012	0.681	0.685	0.678	0.681	59617409	40593388.000
03/08/2012	0.682	0.689	0.682	0.687	35507285	24359190.000
03/09/2012	0.689	0.694	0.686	0.694	49904830	34459940.000
03/12/2012	0.693	0.694	0.687	0.692	35428709	24469418.000
03/13/2012	0.692	0.699	0.690	0.698	25536768	17740076.000
03/14/2012	0.701	0.705	0.682	0.683	125319602	87346040.000
03/15/2012	0.684	0.701	0.680	0.682	52588552	36123184.000
03/16/2012	0.681	0.690	0.679	0.689	28496791	19520684.000
03/19/2012	0.687	0.698	0.675	0.696	59903136	41063472.000
03/20/2012	0.690	0.690	0.679	0.680	24225508	16543817.000
03/21/2012	0.681	0.686	0.678	0.681	17501598	11918529.000
03/22/2012	0.681	0.683	0.677	0.680	9922500	6744556.500
03/23/2012	0.678	0.678	0.672	0.675	20108689	13570309.000
03/26/2012	0.674	0.675	0.671	0.674	6760306	4549838.000
03/27/2012	0.675	0.676	0.669	0.670	13689460	9204106.000
03/28/2012	0.669	0.669	0.652	0.653	31507601	20785604.000
03/29/2012	0.652	0.652	0.643	0.644	14575539	9434958.000
03/30/2012	0.645	0.648	0.643	0.646	12078138	7797468.500
04/05/2012	0.645	0.659	0.640	0.657	26823058	17462872.000
04/06/2012	0.655	0.661	0.655	0.659	17597473	11574667.000
04/09/2012	0.659	0.659	0.652	0.654	14300100	9377443.000
04/10/2012	0.652	0.661	0.646	0.659	17507221	11417437.000
04/11/2012	0.655	0.665	0.654	0.660	21203695	13976117.000
04/12/2012	0.661	0.674	0.661	0.673	26097264	17424906.000
04/13/2012	0.674	0.679	0.672	0.677	34417728	23276876.000
04/16/2012	0.673	0.678	0.672	0.676	17820312	12029342.000
04/17/2012	0.674	0.679	0.669	0.669	18054592	12165874.000
04/18/2012	0.670	0.683	0.670	0.682	42483318	28842304.000
04/19/2012	0.682	0.684	0.679	0.681	24310786	16560014.000
04/20/2012	0.681	0.690	0.680	0.688	42589140	29197318.000
04/23/2012	0.688	0.689	0.684	0.685	24744352	16986718.000
04/24/2012	0.683	0.698	0.677	0.687	49486684	33975812.000
04/25/2012	0.686	0.694	0.684	0.694	30174135	20789378.000
04/26/2012	0.694	0.696	0.690	0.695	34010394	23592654.000
04/27/2012	0.695	0.701	0.691	0.699	49882153	34741856.000
05/02/2012	0.705	0.710	0.704	0.706	54192037	38310312.000
05/03/2012	0.705	0.706	0.703	0.706	65158896	45910316.000
05/04/2012	0.706	0.709	0.703	0.708	35703703	25203292.000
05/07/2012	0.705	0.709	0.705	0.709	45829083	32400896.000
05/08/2012	0.709	0.711	0.701	0.703	81048992	57141112.000
05/09/2012	0.701	0.701	0.695	0.695	31541785	21991408.000
05/10/2012	0.695	0.699	0.694	0.698	34108439	23771210.000
05/11/2012	0.697	0.699	0.691	0.691	15618610	10853211.000
05/14/2012	0.695	0.696	0.681	0.682	47508064	32711352.000
05/15/2012	0.678	0.684	0.678	0.683	26908053	18294980.000
05/16/2012	0.682	0.683	0.672	0.672	39938917	27034456.000
05/17/2012	0.674	0.684	0.673	0.682	38403852	26115800.000
05/18/2012	0.678	0.679	0.672	0.673	31971960	21589404.000
05/21/2012	0.673	0.684	0.672	0.680	38143882	25852216.000
05/22/2012	0.680	0.688	0.680	0.688	30905394	21146528.000
05/23/2012	0.686	0.688	0.680	0.683	55343815	37819404.000
05/24/2012	0.682	0.686	0.676	0.678	26627747	18117516.000
05/25/2012	0.678	0.680	0.671	0.674	21618973	14588248.000
05/28/2012	0.671	0.683	0.668	0.682	63063849	42606964.000
05/29/2012	0.682	0.694	0.681	0.691	61041908	41952020.000
05/30/2012	0.690	0.691	0.688	0.690	21014734	14495548.000
05/31/2012	0.688	0.691	0.684	0.688	23789157	16354210.000
06/01/2012	0.688	0.694	0.685	0.688	23324637	16098338.000
06/04/2012	0.682	0.682	0.671	0.672	49257184	33388484.000
06/05/2012	0.672	0.674	0.668	0.670	31782903	21323966.000
06/06/2012	0.671	0.673	0.665	0.669	56717064	37922128.000
06/07/2012	0.673	0.676	0.663	0.665	43517286	29116998.000
06/08/2012	0.668	0.670	0.661	0.662	43104676	28675788.000
06/11/2012	0.665	0.673	0.663	0.671	59123357	39519620.000
06/12/2012	0.668	0.670	0.665	0.667	13736257	9164414.000
06/13/2012	0.668	0.677	0.667	0.677	34625384	23330066.000
06/14/2012	0.676	0.679	0.673	0.674	39214470	26473030.000
06/15/2012	0.675	0.679	0.670	0.675	32296253	21792870.000
06/18/2012	0.677	0.681	0.676	0.678	28043931	19039274.000
06/19/2012	0.678	0.678	0.673	0.674	9455000	6380799.000
06/20/2012	0.676	0.677	0.672	0.673	16018141	10803912.000
06/21/2012	0.672	0.672	0.660	0.662	34345158	22776840.000
06/25/2012	0.661	0.662	0.650	0.652	29289278	19220616.000
06/26/2012	0.651	0.652	0.645	0.650	36451531	23628356.000
06/27/2012	0.650	0.653	0.647	0.648	31518330	20490154.000
06/28/2012	0.649	0.650	0.645	0.645	25412340	16452836.000
06/29/2012	0.643	0.653	0.642	0.652	19019451	12322704.000
07/02/2012	0.655	0.655	0.651	0.653	14473575	9450077.000
07/03/2012	0.655	0.661	0.652	0.654	37159202	24430010.000
07/04/2012	0.655	0.658	0.653	0.655	22217029	14583079.000
07/05/2012	0.651	0.651	0.645	0.647	11616064	7513645.000
07/06/2012	0.649	0.658	0.643	0.656	27600950	17920576.000
07/09/2012	0.654	0.655	0.643	0.645	16295258	10591804.000
07/10/2012	0.644	0.645	0.641	0.643	9058958	5822929.500
07/11/2012	0.642	0.646	0.641	0.645	10396344	6689040.000
07/12/2012	0.644	0.652	0.641	0.650	21343321	13829819.000
07/13/2012	0.649	0.655	0.648	0.651	18459351	12016145.000
07/16/2012	0.652	0.652	0.641	0.642	28517645	18402636.000
07/17/2012	0.641	0.646	0.640	0.643	11382020	7310958.500
07/18/2012	0.643	0.645	0.634	0.643	22367086	14317718.000
07/19/2012	0.643	0.650	0.641	0.646	31168911	20168278.000
07/20/2012	0.644	0.645	0.639	0.640	15421150	9900217.000
07/23/2012	0.636	0.637	0.630	0.631	13807445	8723838.000
07/24/2012	0.630	0.637	0.629	0.633	19693207	12468243.000
07/25/2012	0.632	0.635	0.631	0.632	46123400	29218256.000
07/26/2012	0.633	0.635	0.627	0.629	18939515	11960158.000
07/27/2012	0.629	0.633	0.627	0.630	26144180	16479700.000
07/30/2012	0.630	0.632	0.627	0.627	12116844	7628775.500
07/31/2012	0.626	0.629	0.626	0.626	12707572	7971935.500
08/01/2012	0.626	0.634	0.626	0.630	10020170	6328513.000
08/02/2012	0.630	0.632	0.625	0.630	26792650	16849062.000
08/03/2012	0.629	0.635	0.629	0.635	9391181	5929260.500
08/06/2012	0.635	0.635	0.635	0.635	0	0.000
08/07/2012	0.635	0.635	0.635	0.635	0	0.000
08/08/2012	0.635	0.635	0.635	0.635	0	0.000
08/09/2012	0.635	0.635	0.635	0.635	0	0.000
08/10/2012	0.635	0.635	0.635	0.635	0	0.000
08/13/2012	0.635	0.635	0.635	0.635	0	0.000
08/14/2012	0.635	0.635	0.635	0.635	0	0.000
08/15/2012	0.635	0.635	0.635	0.635	0	0.000
08/16/2012	0.635	0.635	0.635	0.635	0	0.000
08/17/2012	0.635	0.635	0.635	0.635	0	0.000
08/20/2012	0.635	0.635	0.635	0.635	0	0.000
08/21/2012	0.635	0.635	0.635	0.635	0	0.000
08/22/2012	0.635	0.635	0.635	0.635	0	0.000
08/23/2012	0.635	0.635	0.635	0.635	0	0.000
08/24/2012	0.635	0.635	0.635	0.635	0	0.000
08/27/2012	0.618	0.618	0.598	0.599	19227749	11585696.000
08/28/2012	0.599	0.605	0.597	0.602	11737149	7039385.000
08/29/2012	0.601	0.603	0.598	0.599	7925300	4758860.500
08/30/2012	0.599	0.599	0.593	0.593	13767710	8207181.000
08/31/2012	0.593	0.594	0.589	0.591	27891400	16496485.000
09/03/2012	0.591	0.599	0.589	0.597	12811797	7635914.500
09/04/2012	0.597	0.599	0.588	0.590	17026279	10089646.000
09/05/2012	0.589	0.591	0.586	0.589	19272005	11347775.000
09/06/2012	0.590	0.596	0.590	0.595	8680221	5147642.500
09/07/2012	0.597	0.627	0.597	0.620	38987825	24103246.000
09/10/2012	0.619	0.624	0.617	0.622	24325103	15076821.000
09/11/2012	0.621	0.621	0.612	0.617	68032953	41767716.000
09/12/2012	0.621	0.624	0.610	0.619	73383601	45063376.000
09/13/2012	0.617	0.620	0.613	0.613	19628278	12106609.000
09/14/2012	0.618	0.622	0.614	0.618	31306443	19371646.000
09/17/2012	0.616	0.617	0.605	0.605	36757000	22387736.000
09/18/2012	0.602	0.602	0.595	0.598	15955706	9566191.000
09/19/2012	0.597	0.601	0.596	0.600	30139483	18045878.000
09/20/2012	0.600	0.600	0.588	0.588	14349500	8496531.000
09/21/2012	0.589	0.593	0.586	0.589	19009099	11199064.000
09/24/2012	0.588	0.596	0.582	0.592	21571218	12730767.000
09/25/2012	0.592	0.595	0.590	0.592	5301449	3139316.500
09/26/2012	0.591	0.593	0.585	0.586	8211999	4817989.500
09/27/2012	0.587	0.611	0.586	0.602	14161466	8490169.000
09/28/2012	0.600	0.614	0.598	0.613	20883625	12710502.000
10/08/2012	0.612	0.615	0.604	0.607	10293128	6255006.500
10/09/2012	0.608	0.621	0.608	0.619	17539647	10835878.000
10/10/2012	0.618	0.621	0.615	0.620	14569598	9013958.000
10/11/2012	0.619	0.619	0.614	0.615	11776912	7256606.000
10/12/2012	0.616	0.623	0.612	0.615	20506760	12631518.000
10/15/2012	0.617	0.617	0.609	0.613	14448028	8846203.000
10/16/2012	0.613	0.619	0.612	0.614	10619599	6528579.500
10/17/2012	0.614	0.618	0.611	0.615	15120163	9288036.000
10/18/2012	0.616	0.625	0.615	0.623	21403111	13303421.000
10/19/2012	0.623	0.625	0.621	0.622	11682000	7280643.000
10/22/2012	0.620	0.626	0.618	0.625	10295699	6404034.000
10/23/2012	0.625	0.626	0.617	0.617	21381660	13264926.000
10/24/2012	0.617	0.620	0.614	0.616	11735900	7240247.000
10/25/2012	0.616	0.620	0.612	0.613	9721260	5981221.000
10/26/2012	0.614	0.614	0.598	0.601	25089629	15165853.000
10/29/2012	0.600	0.603	0.596	0.598	12910781	7732136.000
10/30/2012	0.600	0.604	0.598	0.599	10801707	6477812.500
10/31/2012	0.599	0.603	0.598	0.603	5536238	3325014.000
11/01/2012	0.603	0.615	0.603	0.613	16261621	9948335.000
11/02/2012	0.614	0.616	0.610	0.615	9387436	5759081.500
11/05/2012	0.615	0.618	0.612	0.614	6812800	4186835.250
11/06/2012	0.615	0.615	0.604	0.611	11089206	6748009.500
11/07/2012	0.611	0.614	0.608	0.611	7791447	4765172.000
11/08/2012	0.609	0.609	0.601	0.601	13815841	8354432.500
11/09/2012	0.600	0.602	0.598	0.599	7628101	4576713.500
11/12/2012	0.600	0.603	0.599	0.603	7063699	4242376.500
11/13/2012	0.603	0.603	0.593	0.594	12007020	7155916.000
11/14/2012	0.593	0.597	0.593	0.595	6205477	3690399.500
11/15/2012	0.594	0.595	0.589	0.589	9156990	5413484.500
11/16/2012	0.589	0.589	0.580	0.584	25769473	14984387.000
11/19/2012	0.583	0.583	0.578	0.583	11271738	6551377.500
11/20/2012	0.585	0.586	0.581	0.581	5577995	3251526.500
11/21/2012	0.581	0.588	0.578	0.588	9506974	5545181.000
11/22/2012	0.586	0.586	0.582	0.584	4765717	2782018.500
11/23/2012	0.585	0.590	0.584	0.587	5719606	3358492.250
11/26/2012	0.588	0.588	0.583	0.583	6226577	3637985.000
11/27/2012	0.584	0.584	0.579	0.580	8882499	5156346.500
11/28/2012	0.579	0.579	0.572	0.574	9504248	5460743.000
11/29/2012	0.575	0.576	0.571	0.571	7800399	4472126.500
11/30/2012	0.570	0.575	0.569	0.574	14132406	8090087.500
12/03/2012	0.574	0.576	0.568	0.569	7916620	4530278.500
12/04/2012	0.567	0.574	0.565	0.573	7232028	4118312.750
12/05/2012	0.572	0.594	0.571	0.591	25409041	14917351.000
12/06/2012	0.590	0.593	0.588	0.589	12279212	7247173.000
12/07/2012	0.590	0.600	0.588	0.599	22332819	13326027.000
12/10/2012	0.600	0.605	0.599	0.605	33313691	20060292.000
12/11/2012	0.603	0.606	0.601	0.603	10695501	6449836.000
12/12/2012	0.603	0.606	0.600	0.605	10103789	6091587.000
12/13/2012	0.603	0.604	0.598	0.600	33798331	20297654.000
12/14/2012	0.600	0.630	0.599	0.629	59279554	36566732.000
12/17/2012	0.628	0.632	0.628	0.630	27840588	17532446.000
12/18/2012	0.629	0.638	0.626	0.630	55350415	35028832.000
12/19/2012	0.630	0.635	0.627	0.632	36548161	23038730.000
12/20/2012	0.630	0.636	0.625	0.635	56607231	35594904.000
12/21/2012	0.636	0.643	0.630	0.631	33258797	21111882.000
12/24/2012	0.630	0.638	0.630	0.634	26204362	16649170.000
12/25/2012	0.633	0.655	0.632	0.651	39870250	25761562.000
12/26/2012	0.651	0.654	0.650	0.653	12894643	8402661.000
12/27/2012	0.655	0.658	0.650	0.651	11680816	7626533.500
12/28/2012	0.651	0.659	0.651	0.659	18188942	11906189.000
12/31/2012	0.659	0.671	0.659	0.669	26988327	17976818.000
01/04/2013	0.674	0.677	0.665	0.671	27912465	18762172.000
01/07/2013	0.668	0.674	0.668	0.674	18513521	12420315.000
01/08/2013	0.673	0.675	0.666	0.672	23520411	15788863.000
01/09/2013	0.671	0.674	0.668	0.673	23398088	15722869.000
01/10/2013	0.673	0.679	0.671	0.673	21901052	14781456.000
01/14/2013	0.659	0.686	0.658	0.685	37323337	25222634.000
01/15/2013	0.685	0.692	0.684	0.689	35513368	24429276.000
01/16/2013	0.689	0.690	0.677	0.685	32503564	22202006.000
01/17/2013	0.684	0.684	0.674	0.679	20132979	13661629.000
01/18/2013	0.680	0.690	0.678	0.688	31132498	21336182.000
01/21/2013	0.689	0.692	0.686	0.692	31750027	21884064.000
01/22/2013	0.690	0.693	0.684	0.687	20102371	13854194.000
01/23/2013	0.687	0.690	0.684	0.690	17101329	11746771.000
01/24/2013	0.690	0.705	0.682	0.686	35120584	24339472.000
01/25/2013	0.684	0.687	0.683	0.683	17412783	11925024.000
01/28/2013	0.683	0.702	0.683	0.702	27505993	19129154.000
01/29/2013	0.702	0.707	0.699	0.706	61650879	43323504.000
01/30/2013	0.707	0.710	0.704	0.710	26578921	18799758.000
01/31/2013	0.711	0.714	0.708	0.711	27353416	19435136.000
02/01/2013	0.710	0.725	0.707	0.724	26326399	18839094.000
02/04/2013	0.725	0.731	0.723	0.725	46766820	33981448.000
02/05/2013	0.724	0.733	0.721	0.731	78328825	56929300.000
02/06/2013	0.731	0.736	0.731	0.732	27552283	20182420.000
02/07/2013	0.732	0.732	0.721	0.729	24580143	17865424.000
02/08/2013	0.732	0.737	0.727	0.733	24146198	17699546.000
02/18/2013	0.734	0.735	0.724	0.724	24726400	18031322.000
02/19/2013	0.723	0.725	0.709	0.711	45162278	32233172.000
02/20/2013	0.711	0.715	0.707	0.714	28653838	20361624.000
02/21/2013	0.710	0.710	0.686	0.691	37393246	25989212.000
02/22/2013	0.691	0.694	0.688	0.689	20459260	14135856.000
02/25/2013	0.690	0.696	0.687	0.690	19751314	13648634.000
02/26/2013	0.689	0.697	0.679	0.680	22622437	15559715.000
02/27/2013	0.682	0.692	0.682	0.687	24356529	16711055.000
02/28/2013	0.691	0.709	0.688	0.707	38825879	27202422.000
03/01/2013	0.707	0.708	0.702	0.703	12975400	9156669.000