0 95 80 73 30 32 25
0 96 80 74 30 32 24
0 99 81 73 30 32 26
0 96 79 72 30 32 24
0 97 80 72 31 33 24
0 97 80 71 30 31 25
0 96 79 71 31 33 24
0 96 81 72 30 31 25
0 97 80 75 30 33 24
0 103 85 82 37 47 38
0 96 81 72 30 33 25
0 97 81 71 30 31 23
0 96 79 69 31 33 25
0 97 80 72 33 34 25
0 96 80 72 33 33 25
0 95 78 70 32 33 25
0 94 79 71 33 34 25
0 95 78 72 34 35 26
0 98 79 73 33 34 26
0 96 79 70 34 34 24
0 99 81 72 34 34 26
0 99 81 75 34 34 25
0 99 81 75 35 34 25
0 98 81 73 33 34 27
0 98 79 73 34 34 26
0 95 78 71 32 32 24
0 97 80 71 32 32 23
0 97 81 71 32 31 23
0 97 80 71 32 33 25
0 96 78 69 33 32 23
0 98 79 72 34 35 28
0 97 77 71 33 32 24
0 96 78 70 32 30 24
0 96 77 70 31 32 24
0 97 78 69 31 32 24
0 97 78 69 31 32 24
0 95 80 68 31 35 26
0 95 78 69 32 33 26
0 95 77 66 31 32 26
0 93 79 67 31 35 25
0 98 79 72 34 34 27
0 96 78 71 33 33 25
0 98 78 70 34 34 26
0 97 77 70 33 33 24
0 92 75 75 40 41 28
0 94 76 74 40 43 33
0 93 75 74 39 45 34
0 94 77 72 37 39 28
0 92 75 69 34 34 24
0 93 77 71 32 31 23
0 93 77 69 33 36 27
0 92 76 69 31 32 24
0 91 73 69 36 41 32
0 95 74 71 32 32 26
0 97 77 74 32 36 28
0 96 79 71 31 31 24
0 97 81 73 31 32 23
0 95 79 72 31 31 26
0 96 78 71 31 32 25
0 95 78 71 33 35 26
1 98 78 78 41 60 52
1 96 75 73 38 54 47
1 99 77 77 41 62 53
1 99 77 78 40 58 51
1 96 76 74 39 55 48
1 97 77 77 40 63 55
1 98 78 80 42 58 48
1 97 76 78 39 52 45
1 97 74 75 39 60 50
1 101 79 79 41 60 52
1 97 77 76 39 58 51
1 97 78 78 47 64 54
1 95 75 73 44 59 48
1 97 77 76 46 64 53
1 95 75 73 48 61 48
1 101 84 87 52 76 66
1 98 78 80 48 64 56
1 95 76 76 46 65 52
1 96 75 77 46 66 57
1 95 75 76 46 65 54
1 97 78 78 45 63 54
1 93 75 74 44 61 53
1 94 73 71 36 53 46
1 95 74 75 39 56 48
1 97 77 78 41 61 55
1 94 74 70 38 54 47
1 97 76 76 41 57 51
1 94 74 73 46 65 55
1 95 76 73 46 66 57
1 93 74 73 46 63 52
1 99 80 78 47 64 54
1 99 79 77 47 62 54
1 96 78 74 48 65 54
1 100 79 78 46 64 55
1 96 77 78 46 67 56
1 97 78 80 48 65 55
1 97 78 77 48 66 57
1 99 77 75 48 64 55
1 95 75 73 44 59 48
1 95 75 76 45 61 48
1 100 78 79 42 66 58
1 96 75 74 39 58 50
1 98 79 80 42 61 53
1 96 75 71 37 52 47
1 97 76 76 41 57 51
1 94 74 76 40 58 50
1 97 75 71 39 55 48
1 96 75 74 39 56 48
1 94 75 74 38 55 48
1 96 77 77 39 57 50
1 92 71 70 36 49 42
1 99 79 81 42 66 60
1 94 75 74 45 62 51
1 97 77 76 46 64 53
1 95 76 76 43 61 49
1 93 77 74 45 62 52
1 96 76 75 45 61 55
1 94 75 75 39 56 51
1 97 76 76 40 59 52
1 96 77 73 39 56 49
2 91 76 66 90 63 36
2 92 75 69 77 72 45
2 91 77 71 71 78 50
2 93 77 69 81 70 40
2 93 77 69 81 70 40
2 93 76 71 73 68 43
2 91 77 66 83 66 38
2 90 77 69 79 71 45
2 92 75 66 87 65 35
2 91 76 68 80 70 41
2 90 76 68 82 74 42
2 92 76 71 82 72 43
2 93 74 70 62 63 39
2 93 76 70 82 68 41
2 91 74 69 65 69 45
2 92 75 68 76 70 44
2 93 75 69 62 60 41
2 93 78 72 76 74 46
2 92 75 68 79 70 42
2 91 76 68 80 67 41
2 92 76 70 64 69 48
2 92 73 66 62 65 43
2 91 75 65 76 69 44
2 93 79 70 69 74 48
2 92 76 64 85 67 38
2 92 75 68 77 69 42
2 91 76 67 86 67 35
2 91 77 65 87 67 37
2 92 77 67 80 70 39
2 93 77 70 57 67 46
2 92 75 64 78 71 43
2 92 77 68 77 67 40
2 93 77 69 74 69 45
2 93 75 73 62 76 53
2 96 80 75 72 76 52
2 93 77 68 78 76 46
2 92 79 74 74 75 48
2 90 75 71 67 78 50
2 91 73 68 62 71 45
2 89 74 69 70 69 43
2 91 75 69 68 75 48
2 89 73 67 70 68 43
2 93 75 69 75 74 45
2 91 75 67 76 65 37
2 93 77 71 76 77 46
2 92 72 66 67 66 43
2 92 77 68 78 71 44
2 90 76 67 75 68 39
2 95 78 69 78 69 41
2 96 77 70 75 67 42
2 95 78 70 76 70 41
2 94 77 68 78 63 37
2 93 75 71 74 70 43
2 93 75 71 74 70 43
2 96 79 71 76 67 41
2 96 78 70 70 72 48
2 96 79 70 78 69 45
2 94 78 71 77 69 43
2 97 79 73 71 73 45
2 96 80 72 72 67 42
3 96 79 77 61 88 64
3 95 81 83 62 89 65
3 96 79 79 60 88 65
3 94 80 79 62 84 64
3 96 79 77 62 86 63
3 97 81 81 64 92 65
3 101 82 82 64 97 68
3 97 84 85 66 94 72
3 104 94 108 63 104 91
3 104 94 108 63 104 91
3 104 92 110 62 104 90
3 105 94 111 63 108 96
3 96 79 78 61 90 64
3 94 79 76 58 86 61
3 103 88 94 63 109 86
3 100 87 89 64 105 79
3 99 83 83 65 98 72
3 96 80 80 61 86 63
3 96 81 80 61 85 60
3 96 80 79 61 85 62
3 96 82 83 59 84 60
3 95 78 74 65 91 61
3 95 78 74 65 91 61
3 110 100 112 60 89 75
3 108 98 106 58 87 73
3 109 97 109 63 98 80
3 115 98 104 58 83 75
3 115 96 103 55 72 61
3 104 91 101 60 88 73
3 98 81 83 64 94 68
3 97 80 77 64 87 59
3 94 78 74 66 84 54
3 98 84 84 63 95 67
3 101 87 91 63 95 73
3 94 78 74 61 87 60
3 98 81 80 62 97 70
3 106 93 104 59 92 78
3 107 94 105 58 86 72
3 106 94 103 57 80 70
3 94 80 77 63 89 63
3 97 80 79 59 85 64
3 97 80 79 59 85 64
3 104 92 110 62 104 90
3 105 95 110 63 109 99
3 105 93 108 63 101 88
3 107 94 107 59 89 72
3 100 86 89 58 88 71
3 99 83 85 56 90 68
3 99 85 88 57 85 66
3 109 100 112 60 92 76
3 102 88 95 58 85 70
3 102 84 90 55 89 73
3 97 80 80 53 83 65
3 100 84 87 56 87 68
3 102 89 105 61 101 83
3 109 97 115 65 109 97
3 109 97 115 65 109 97
3 105 94 112 64 102 86
3 102 94 110 62 107 93
3 105 96 112 64 110 97
4 90 72 67 66 72 46
4 89 71 71 55 81 58
4 86 69 66 54 62 44
4 89 69 66 56 69 47
4 88 68 68 46 70 53
4 85 67 66 45 63 48
4 88 70 68 47 53 38
4 87 67 65 49 63 44
4 91 74 71 48 57 42
4 92 78 90 62 94 67
4 90 77 84 52 72 52
4 92 76 77 53 60 46
4 91 77 91 54 81 59
4 91 69 68 51 66 48
4 86 67 63 52 64 44
4 89 70 68 51 66 46
4 89 72 72 53 76 57
4 87 72 70 54 74 52
4 90 73 76 55 75 53
4 91 73 72 56 74 54
4 90 72 71 52 66 49
4 87 68 69 49 68 49
4 94 76 79 53 77 60
4 90 74 75 66 83 59
4 93 77 80 53 78 61
4 93 78 84 51 77 61
4 91 74 71 63 70 47
4 91 76 75 59 73 53
4 91 71 69 50 70 46
4 91 75 69 58 68 49
4 89 71 66 56 65 44
4 90 72 66 52 57 41
4 93 73 71 52 71 50
4 91 73 72 52 73 53
4 91 76 72 58 66 42
4 92 76 74 55 75 55
4 89 72 65 56 66 43
4 92 75 72 54 63 44
4 93 72 70 52 62 44
4 89 68 62 51 52 34
4 91 73 64 74 68 42
4 91 73 64 74 68 42
4 89 72 65 68 62 39
4 88 74 66 79 71 41
4 90 72 70 54 73 54
4 89 70 69 49 70 54
4 89 69 67 49 70 54
4 91 72 72 52 76 57
4 92 73 76 48 54 41
4 91 74 70 63 67 43
4 93 74 74 52 75 57
4 91 76 73 60 73 52
4 92 72 71 51 75 57
4 92 72 68 57 71 47
4 94 76 78 62 80 57
4 98 80 81 58 78 59
4 93 75 76 49 59 44
4 93 77 78 54 82 64
4 94 75 74 58 74 53
4 93 73 73 50 68 55
5 90 69 63 58 73 47
5 92 71 66 58 71 50
5 90 69 66 57 73 49
5 89 71 65 59 68 43
5 92 71 66 58 71 50
5 90 72 70 58 77 55
5 88 70 65 60 74 50
5 91 72 68 62 70 47
5 95 81 80 62 90 66
5 96 81 79 63 90 63
5 97 80 80 62 88 65
5 96 81 80 61 85 60
5 98 84 85 60 87 65
5 95 79 80 61 87 62
5 95 80 80 62 92 67
5 95 79 80 61 87 62
5 98 81 82 61 89 66
5 96 79 74 65 83 55
5 95 79 77 61 89 65
5 85 67 62 51 69 44
5 87 67 64 52 70 46
5 86 67 66 52 71 46
5 86 67 62 51 68 46
5 86 66 64 51 69 45
5 91 75 78 55 86 65
5 86 70 65 53 70 45
5 87 67 66 49 69 50
5 88 69 65 49 67 46
5 86 68 63 52 68 44
5 95 77 76 50 63 48
5 94 75 72 51 59 41
5 92 72 68 48 59 42
5 97 81 82 48 70 57
5 94 73 71 47 61 41
5 92 74 74 47 70 56
5 94 74 72 48 66 53
5 92 75 75 54 71 53
5 89 66 63 51 68 46
5 89 69 66 50 66 44
5 91 74 75 54 80 61
5 92 76 73 61 80 57
5 90 73 78 53 81 61
5 90 69 67 49 69 50
5 87 68 64 48 60 42
5 90 73 78 53 81 61
5 91 74 78 54 83 63
5 89 67 65 49 61 41
5 91 72 69 58 77 50
5 94 75 73 51 71 52
5 90 69 67 52 72 50
5 90 70 68 56 74 50
5 90 70 64 54 67 43
5 92 71 68 55 76 52
5 90 70 65 52 71 51
5 89 69 66 56 75 46
5 91 71 69 54 77 55
5 91 71 67 55 75 52
5 89 70 66 50 70 50
5 94 76 73 61 74 50
5 91 73 70 62 74 50
6 93 78 80 58 90 66
6 93 78 81 58 89 67
6 93 76 84 57 87 66
6 94 79 87 58 97 78
6 90 73 73 44 65 51
6 95 78 83 50 80 62
6 89 71 70 47 65 47
6 93 76 86 53 87 67
6 96 81 93 57 97 77
6 94 80 104 58 79 59
6 110 89 101 56 94 84
6 102 87 104 56 90 72
6 104 88 97 54 81 67
6 89 68 68 46 66 51
6 90 71 73 44 70 57
6 90 71 73 44 70 57
6 89 69 70 48 73 55
6 89 69 70 48 73 55
6 92 74 80 50 81 63
6 96 80 93 55 92 71
6 88 68 75 45 74 59
6 89 70 71 44 70 57
6 91 72 73 46 77 59
6 91 76 81 54 86 66
6 88 70 68 55 74 51
6 92 75 84 54 82 68
6 91 70 74 53 75 56
6 91 74 77 55 83 59
6 92 76 78 52 84 66
6 92 72 76 54 82 61
6 91 73 77 51 84 66
6 91 70 74 51 84 66
6 93 76 78 51 79 62
6 91 75 72 57 79 54
6 92 74 74 54 90 68
6 92 75 75 52 85 61
6 91 74 74 53 87 63
6 92 75 75 50 76 59
6 96 81 87 53 89 76
6 94 73 71 48 66 51
6 95 74 72 55 72 53
6 100 82 84 55 75 60
6 92 74 78 53 69 48
6 94 78 88 56 76 58
6 94 76 82 51 81 65
6 91 72 75 47 77 64
6 94 77 86 53 91 77
6 92 73 75 52 78 55
6 91 73 77 48 74 55
6 89 69 72 47 78 61
6 88 72 71 46 71 55
6 88 71 71 51 76 54
6 90 72 74 48 61 42
6 96 78 80 50 82 71
6 95 79 82 56 82 65
6 94 78 81 52 73 58
6 92 77 77 49 75 57
6 97 82 90 60 87 69
6 97 82 90 60 87 69
6 92 74 75 47 74 60
7 81 61 55 44 54 35
7 81 61 54 45 48 31
7 81 62 53 47 52 33
7 81 59 52 38 41 27
7 82 62 55 46 52 34
7 83 59 52 37 39 26
7 84 63 54 47 58 38
7 85 66 60 56 68 43
7 83 63 58 51 62 40
7 82 60 54 47 55 34
7 82 60 52 44 51 32
7 81 58 52 41 44 29
7 85 66 58 51 64 41
7 81 60 55 40 48 33
7 83 63 53 44 48 32
7 83 62 56 44 53 34
7 84 65 58 51 63 40
7 82 62 55 45 51 32
7 83 65 59 51 63 41
7 83 65 59 51 63 41
7 81 60 53 41 47 30
7 82 63 56 45 57 38
7 81 59 53 41 45 30
7 82 61 53 41 42 27
7 84 64 59 51 56 35
7 82 60 53 41 47 32
7 81 59 54 39 45 31
7 83 63 55 44 54 37
7 83 62 56 40 50 33
7 85 64 58 42 58 39
7 85 68 63 56 81 53
7 83 64 59 50 71 47
7 82 61 56 48 65 45
7 80 60 53 42 52 35
7 83 60 56 40 54 38
7 84 64 58 46 61 39
7 82 61 54 42 50 34
7 82 59 53 35 41 29
7 84 61 56 42 56 38
7 85 64 61 47 69 47
7 83 63 60 47 61 43
7 81 58 51 38 42 28
7 84 62 55 45 58 38
7 81 61 54 42 51 33
7 81 60 52 42 47 31
7 83 64 56 50 68 45
7 85 64 56 54 66 40
7 82 66 59 54 75 48
7 83 64 57 50 58 37
7 88 67 66 48 72 52
7 83 64 56 44 49 34
7 84 65 56 45 51 31
7 84 62 55 45 47 31
7 83 66 58 50 60 38
7 86 68 63 50 72 49
7 87 68 62 54 68 45
7 85 66 58 47 60 37
7 88 69 67 51 75 52
7 85 66 60 51 62 40
